5 -0.02964169 0 -0.02938111 -0.00311938 -0.02868621 -0.00666127 -0.04631922 -0.01061668 -0.0580456 -0.0132776 -0.0702063 -0.01613628 -0.08983713 -0.02048723 -0.09157438 -0.01104818 -0.09218241 -0.00480942 -0.09209555 0 -0.09218241 0.00480942 -0.09157438 0.01104818 -0.08983713 0.02048723 -0.0702063 0.01613628 -0.0580456 0.0132776 -0.04631922 0.01061668 -0.02868621 0.00666127 -0.02938111 0.00311938 1
6 -0.0358498 0 -0.0354809 -0.00434196 -0.03492754 -0.00802769 -0.05567852 -0.01281014 -0.07347826 -0.01680151 -0.09054018 -0.02073894 -0.10778656 -0.02464042 -0.10916996 -0.01703524 -0.11018445 -0.00759619 -0.11036891 0 -0.11018445 0.00759619 -0.10916996 0.01703524 -0.10778656 0.02464042 -0.09054018 0.02073894 -0.07347826 0.01680151 -0.05567852 0.01281014 -0.03492754 0.00802769 -0.0354809 0.00434196 2
7 -0.04218241 0 -0.0418241 -0.00497123 -0.04086862 -0.00907407 -0.06690554 -0.01476268 -0.08792617 -0.01972132 -0.10536374 -0.0240507 -0.13199783 -0.03024272 -0.1342671 -0.01856347 -0.13474484 -0.00925027 -0.13522258 0 -0.13474484 0.00925027 -0.1342671 0.01856347 -0.13199783 0.03024272 -0.10536374 0.0240507 -0.08792617 0.01972132 -0.06690554 0.01476268 -0.04086862 0.00907407 -0.0418241 0.00497123 3
8 -0.05002172 0 -0.04973941 -0.00441568 -0.04861021 -0.00944984 -0.0788165 -0.0156922 -0.1159392 -0.02599065 -0.14402823 -0.03289464 -0.1630836 -0.03743977 -0.16505972 -0.02590435 -0.16618893 -0.0143977 -0.16703583 0 -0.16618893 0.0143977 -0.16505972 0.02590435 -0.1630836 0.03743977 -0.14402823 0.03289464 -0.1159392 0.02599065 -0.0788165 0.0156922 -0.04861021 0.00944984 -0.04973941 0.00441568 4
9 -0.05791563 0 -0.05756824 -0.00445723 -0.05669975 -0.00930985 -0.08796526 -0.01549245 -0.1366005 -0.03023005 -0.17168734 -0.03936017 -0.19669975 -0.04547088 -0.19895782 -0.03159597 -0.20034739 -0.01754134 -0.20086849 0 -0.20034739 0.01754134 -0.19895782 0.03159597 -0.19669975 0.04547088 -0.17168734 0.03936017 -0.1366005 0.03023005 -0.08796526 0.01549245 -0.05669975 0.00930985 -0.05756824 0.00445723 5
10 -0.06598624 0 -0.06536697 -0.00507012 -0.06412844 -0.00929881 -0.10850917 -0.0181877 -0.15866972 -0.03523193 -0.18963303 -0.04377562 -0.23050459 -0.05370011 -0.23380734 -0.03316073 -0.23483945 -0.016548 -0.23504587 0 -0.23483945 0.016548 -0.23380734 0.03316073 -0.23050459 0.05370011 -0.18963303 0.04377562 -0.15866972 0.03523193 -0.10850917 0.0181877 -0.06412844 0.00929881 -0.06536697 0.00507012 6
11 -0.0755266 0 -0.07504886 -0.00483453 -0.07361564 -0.00896403 -0.11780673 -0.01797842 -0.17871878 -0.04074101 -0.22482085 -0.0523741 -0.26423453 -0.06229496 -0.26781759 -0.0383741 -0.26925081 -0.01918705 -0.26972856 0 -0.26925081 0.01918705 -0.26781759 0.0383741 -0.26423453 0.06229496 -0.22482085 0.0523741 -0.17871878 0.04074101 -0.11780673 0.01797842 -0.07361564 0.00896403 -0.07504886 0.00483453 7
12 -0.09115839 0 -0.09089835 -0.00434376 -0.08959811 -0.00848616 -0.15356974 -0.024653 -0.20219858 -0.04985257 -0.25316785 -0.06066882 -0.29815603 -0.07096728 -0.30231678 -0.04404171 -0.30439716 -0.0227544 -0.3051773 0 -0.30439716 0.0227544 -0.30231678 0.04404171 -0.29815603 0.07096728 -0.25316785 0.06066882 -0.20219858 0.04985257 -0.15356974 0.024653 -0.08959811 0.00848616 -0.09089835 0.00434376 8
13 -0.11140073 0 -0.11052375 -0.00339806 -0.1099391 -0.00760518 -0.18243605 -0.02987055 -0.23330085 -0.06469256 -0.28445798 -0.07174757 -0.33093788 -0.08061489 -0.33649208 -0.05064725 -0.33883069 -0.02546926 -0.34029233 0 -0.33883069 0.02546926 -0.33649208 0.05064725 -0.33093788 0.08061489 -0.28445798 0.07174757 -0.23330085 0.06469256 -0.18243605 0.02987055 -0.1099391 0.00760518 -0.11052375 0.00339806 9
14 -0.13939323 0 -0.13908985 -0.00359712 -0.13787631 -0.00654676 -0.21099183 -0.03258993 -0.27075846 -0.08625899 -0.3302217 -0.08935252 -0.36450408 -0.09410072 -0.37330222 -0.05964029 -0.37845974 -0.03014388 -0.37906651 0 -0.37845974 0.03014388 -0.37330222 0.05964029 -0.36450408 0.09410072 -0.3302217 0.08935252 -0.27075846 0.08625899 -0.21099183 0.03258993 -0.13787631 0.00654676 -0.13908985 0.00359712 10
15 -0.17638592 0 -0.17738608 -0.00581973 -0.19595172 -0.01245911 -0.27091682 -0.05092581 -0.31346967 -0.1140843 -0.34860819 -0.11787067 -0.39965257 -0.11500704 -0.41569062 -0.06425769 -0.42073447 -0.02783753 -0.42223849 0 -0.42073447 0.02783753 -0.41569062 0.06425769 -0.39965257 0.11500704 -0.34860819 0.11787067 -0.31346967 0.1140843 -0.27091682 0.05092581 -0.19595172 0.01245911 -0.17738608 0.00581973 11
16 -0.2218203 0 -0.22212369 -0.00512046 -0.25428238 -0.01950378 -0.31556593 -0.06196332 -0.35470245 -0.14147429 -0.38564761 -0.15021935 -0.43388565 -0.13779216 -0.4554259 -0.08796836 -0.46452742 -0.04424308 -0.46786464 0 -0.46452742 0.04424308 -0.4554259 0.08796836 -0.43388565 0.13779216 -0.38564761 0.15021935 -0.35470245 0.14147429 -0.31556593 0.06196332 -0.25428238 0.01950378 -0.22212369 0.00512046 12
17 -0.26985915 0 -0.27211268 -0.0040273 -0.35464789 -0.06191126 -0.3856338 -0.12894198 -0.39295775 -0.17139932 -0.42478873 -0.18286689 -0.46647887 -0.16088737 -0.49098592 -0.11610922 -0.50732394 -0.06627986 -0.51323944 0 -0.50732394 0.06627986 -0.49098592 0.11610922 -0.46647887 0.16088737 -0.42478873 0.18286689 -0.39295775 0.17139932 -0.3856338 0.12894198 -0.35464789 0.06191126 -0.27211268 0.0040273 13
18 -0.31915394 0 -0.32225617 -0.0038763 -0.36568743 -0.03140597 -0.42124559 -0.10307803 -0.43168038 -0.20338727 -0.46411281 -0.21572816 -0.50105758 -0.18392665 -0.53179788 -0.13329738 -0.55548766 -0.06083423 -0.55943596 0 -0.55548766 0.06083423 -0.53179788 0.13329738 -0.50105758 0.18392665 -0.46411281 0.21572816 -0.43168038 0.20338727 -0.42124559 0.10307803 -0.36568743 0.03140597 -0.32225617 0.0038763 14
20 -0.41869565 0 -0.42173913 -0.00312837 -0.46130435 -0.02470334 -0.51043478 -0.0995685 -0.51869565 -0.18220065 -0.50695652 -0.26483279 -0.54521739 -0.28187702 -0.58956522 -0.20355987 -0.6373913 -0.11639698 -0.65304348 0 -0.6373913 0.11639698 -0.58956522 0.20355987 -0.54521739 0.28187702 -0.50695652 0.26483279 -0.51869565 0.18220065 -0.51043478 0.0995685 -0.46130435 0.02470334 -0.42173913 0.00312837 15
22 -0.52030402 0 -0.57024973 -0.03097122 -0.61802389 -0.13773381 -0.6062975 -0.25255396 -0.5815418 -0.32784173 -0.62366992 -0.34874101 -0.67274701 -0.23517986 -0.72138979 -0.14100719 -0.73876221 -0.0702518 -0.74310532 0 -0.73876221 0.0702518 -0.72138979 0.14100719 -0.67274701 0.23517986 -0.62366992 0.34874101 -0.5815418 0.32784173 -0.6062975 0.25255396 -0.61802389 0.13773381 -0.57024973 0.03097122 16
24 -0.61939281 0 -0.67924411 -0.03625899 -0.71957869 -0.15086331 -0.711772 -0.25284173 -0.65018587 -0.39107914 -0.70092937 -0.41633094 -0.72478315 -0.38622302 -0.79591078 -0.19068345 -0.83104089 -0.08320144 -0.83667906 0 -0.83104089 0.08320144 -0.79591078 0.19068345 -0.72478315 0.38622302 -0.70092937 0.41633094 -0.65018587 0.39107914 -0.711772 0.25284173 -0.71957869 0.15086331 -0.67924411 0.03625899 17
26 -0.71643921 0 -0.7807072 -0.0357785 -0.82282878 -0.15228335 -0.808933 -0.2709457 -0.71383375 -0.45181589 -0.7807072 -0.48094211 -0.81631514 -0.44893923 -0.87667494 -0.26591154 -0.92227047 -0.096548 -0.92965261 0 -0.92227047 0.096548 -0.87667494 0.26591154 -0.81631514 0.44893923 -0.7807072 0.48094211 -0.71383375 0.45181589 -0.808933 0.2709457 -0.82282878 0.15228335 -0.7807072 0.0357785 18
28 -0.81632558 0 -0.89218605 -0.04725188 -0.92051163 -0.12831159 -0.92311628 -0.21016212 -0.7827907 -0.50514037 -0.84204651 -0.54824041 -0.89023256 -0.53479636 -0.97227907 -0.32364571 -1.00646512 -0.16350336 -1.0207907 0 -1.00646512 0.16350336 -0.97227907 0.32364571 -0.89023256 0.53479636 -0.84204651 0.54824041 -0.7827907 0.50514037 -0.92311628 0.21016212 -0.92051163 0.12831159 -0.89218605 0.04725188 19
