28000 
-1077.14     	4.05831 
-1218.89     	369.621 
-1072     	585.758 
-1741.06     	841.056 
-1797.33     	480.137 
-1966.47     	5.07436 
28010 
-1101.93     	4.05831 
-1208.9     	401.031 
-1014.61     	626.368 
-1645.15     	882.716 
-1786.47     	572.397 
-1895.39     	5.07436 
28020 
-1102.83     	4.05831 
-1208.86     	399.64 
-1014.58     	626.323 
-1644.85     	882.776 
-1787.09     	571.062 
-1894.81     	5.07436 
28030 
-1103.02     	4.05831 
-1209.8     	399.818 
-1014.7     	626.755 
-1644.82     	882.913 
-1786.91     	570.913 
-1894.33     	5.07436 
28040 
-1103.97     	4.05831 
-1210.12     	400.398 
-1015.78     	626.88 
-1644.47     	882.983 
-1787.05     	570.663 
-1894.24     	5.07436 
28050 
-1104.45     	4.05831 
-1210.86     	400.204 
-1015.65     	626.91 
-1644.48     	883.157 
-1787.06     	571.124 
-1893.79     	5.07436 
28060 
-1106.21     	4.05831 
-1210.81     	401.214 
-1015.39     	627.162 
-1644.35     	883.256 
-1787.13     	594.434 
-1893.11     	5.07436 
28070 
-1107.08     	4.05831 
-1214.7     	399.688 
-1015.61     	627.286 
-1644.36     	883.435 
-1787.47     	588.564 
-1894.75     	5.07436 
28080 
-1108.15     	4.05831 
-1211.19     	400.621 
-1015.69     	627.636 
-1644.18     	883.516 
-1790.56     	587.345 
-1895.13     	5.07436 
28090 
-1108.84     	4.05831 
-1211.95     	401.415 
-1015.29     	627.783 
-1644.05     	883.622 
-1790.65     	587.267 
-1894.76     	5.07436 
28100 
-1109.67     	4.05831 
-1213     	403.96 
-1015.84     	628.146 
-1643.84     	883.705 
-1791.23     	587.253 
-1895.53     	5.07436 
28110 
-1110.75     	4.05831 
-1213.04     	403.363 
-1017.37     	628.463 
-1643.71     	883.854 
-1791.3     	587.248 
-1895.52     	5.07436 
28120 
-1111.69     	4.05831 
-1213.23     	402.902 
-1017.45     	629.01 
-1643.71     	883.988 
-1791.29     	587.182 
-1895.48     	5.07436 
28130 
-1112.59     	4.05831 
-1213.32     	402.864 
-1017.69     	629.299 
-1643.55     	884.093 
-1791.37     	586.866 
-1895.46     	5.07436 
28140 
-1113.47     	4.05831 
-1214.11     	403.818 
-1016.93     	629.105 
-1642     	883.635 
-1799.68     	587.651 
-1895.76     	5.07436 
28150 
-1114.34     	4.05831 
-1214.17     	403.794 
-1017.76     	629.596 
-1642     	883.762 
-1801.4     	584.142 
-1895.73     	5.07436 
28160 
-1115.02     	4.05831 
-1214.95     	403.497 
-1018.32     	629.963 
-1641.99     	883.906 
-1801.36     	583.718 
-1895.77     	5.07436 
28170 
-1115.86     	4.05831 
-1215.05     	403.46 
-1018.21     	629.956 
-1641.98     	884.136 
-1801.36     	583.721 
-1895.78     	5.07436 
28180 
-1117.03     	4.05831 
-1215.04     	403.468 
-1018.65     	630.274 
-1641.83     	884.243 
-1800.97     	582.231 
-1896.01     	5.07436 
28190 
-1117.81     	4.05831 
-1215.9     	403.374 
-1018.81     	630.538 
-1641.77     	884.38 
-1800.89     	582.33 
-1895.62     	5.07436 
28200 
-1118.79     	4.05831 
-1216.3     	403.853 
-1018.52     	630.552 
-1643.14     	885.112 
-1802.63     	590.758 
-1895.31     	5.07436 
28210 
-1119.44     	4.05831 
-1216.83     	403.85 
-1018.38     	630.555 
-1643.1     	885.27 
-1802.58     	590.61 
-1895.28     	5.07436 
28220 
-1120.55     	4.05831 
-1217.31     	405.099 
-1017.15     	630.171 
-1646.01     	885.727 
-1810.63     	589.598 
-1896.61     	5.07436 
28230 
-1121.44     	4.05831 
-1217.89     	406.019 
-1016.72     	630.336 
-1645.48     	886.008 
-1810.63     	585.881 
-1897.08     	5.07436 
28240 
-1122.31     	4.05831 
-1218.41     	405.286 
-1019.64     	631.415 
-1646.15     	886.867 
-1810.61     	586.171 
-1897.07     	5.07436 
28250 
-1123.18     	4.05831 
-1218.46     	405.314 
-1019.45     	631.454 
-1645.85     	887.065 
-1810.61     	585.68 
-1896.7     	5.07436 
28260 
-1124.06     	4.05831 
-1219.19     	406.805 
-1018.93     	631.488 
-1645.97     	887.278 
-1814.23     	587.667 
-1898.07     	5.07436 
28270 
-1124.8     	4.05831 
-1219.62     	406.634 
-1019.95     	631.843 
-1645.8     	887.387 
-1814.24     	597.355 
-1898.07     	5.07436 
28280 
-1125.67     	4.05831 
-1224.09     	401.082 
-1023.5     	633.307 
-1646.2     	887.721 
-1813.6     	588.6 
-1900.41     	5.07436 
28290 
-1126.64     	4.05831 
-1222.64     	402.963 
-1022.48     	633.193 
-1646.65     	888.066 
-1813.76     	588.275 
-1900.34     	5.07436 
28300 
-1127.63     	4.05831 
-1220.68     	407.197 
-1022.29     	633.024 
-1646.41     	888.153 
-1813.73     	588.283 
-1900.34     	5.07436 
28310 
-1128.37     	4.05831 
-1221.17     	407.007 
-1021.26     	633.042 
-1646.18     	888.21 
-1814.13     	586.495 
-1900.73     	5.07436 
28320 
-1129.22     	4.05831 
-1221.44     	406.834 
-1023     	633.967 
-1653.22     	891.169 
-1814.13     	592.177 
-1904.72     	5.07436 
28330 
-1130.29     	4.05831 
-1221.59     	406.697 
-1023.47     	633.918 
-1653.1     	891.394 
-1813.99     	591.37 
-1906.84     	5.07436 
28340 
-1131.17     	4.05831 
-1221.89     	406.156 
-1023.48     	634.051 
-1652.91     	891.481 
-1813.52     	591.356 
-1906.86     	5.07436 
28350 
-1132.07     	4.05831 
-1222.33     	406.78 
-1024.09     	634.184 
-1653.01     	891.707 
-1813.41     	592.072 
-1909.12     	5.07436 
28360 
-1132.98     	4.05831 
-1221.85     	406.723 
-1024.6     	635.013 
-1653.19     	891.864 
-1813.43     	591.745 
-1909.11     	5.07436 
28370 
-1133.83     	4.05831 
-1222.82     	405.548 
-1025.16     	635.27 
-1653.28     	892.128 
-1813.06     	591.974 
-1909.18     	5.07436 
28380 
-1134.52     	4.05831 
-1223.26     	405.136 
-1025.64     	635.813 
-1653.42     	892.318 
-1812.48     	591.999 
-1909.51     	5.07436 
28390 
-1135.6     	4.05831 
-1224.34     	409.274 
-1025.16     	635.715 
-1654.37     	892.896 
-1819.03     	591.254 
-1910.6     	5.07436 
28400 
-1136.32     	4.05831 
-1224.81     	409.047 
-1024.84     	635.743 
-1654.19     	892.981 
-1818.99     	589.787 
-1911.09     	5.07436 
28410 
-1136.86     	4.05831 
-1224.87     	406.358 
-1024.92     	635.776 
-1656.31     	893.287 
-1820.23     	590.179 
-1911.22     	5.07436 
28420 
-1137.3     	4.05831 
-1224.6     	401.815 
-1025.79     	635.939 
-1656.61     	894.345 
-1819.93     	589.973 
-1910.95     	5.07436 
28430 
-1137.86     	4.05831 
-1225.32     	402.354 
-1026.15     	636.676 
-1656.28     	894.35 
-1823.68     	588.994 
-1911.21     	5.07436 
28440 
-1138.48     	4.05831 
-1225.33     	403.255 
-1026.03     	636.711 
-1656.26     	894.51 
-1823.69     	588.994 
-1911.22     	5.07436 
28450 
-1139.04     	4.05831 
-1225.27     	403.872 
-1026.57     	636.964 
-1656.18     	894.64 
-1823.3     	587.681 
-1911.07     	5.07436 
28460 
-1139.54     	4.05831 
-1226.74     	400.857 
-1028.66     	638.104 
-1657.22     	895.155 
-1824.92     	585.661 
-1913.3     	5.07436 
28470 
-1140.1     	4.05831 
-1226.77     	401.791 
-1028.68     	638.204 
-1657.16     	895.251 
-1827.28     	585.761 
-1913.07     	5.07436 
28480 
-1140.47     	4.05831 
-1226.88     	402.562 
-1028.76     	638.292 
-1657.19     	895.389 
-1827.06     	585.769 
-1913.18     	5.07436 
28490 
-1141.19     	4.05831 
-1227.26     	402.626 
-1029.09     	638.677 
-1657.68     	895.66 
-1827.06     	585.717 
-1913.23     	5.07436 
28500 
-1141.6     	4.05831 
-1227.43     	402.771 
-1029.61     	639.097 
-1657.84     	895.751 
-1826.83     	588.011 
-1913.18     	5.07436 
