28500 
-1191.03     	-3.6289 
-1197.95     	390.742 
-1029.02     	696.15 
-1669.75     	927.843 
-1880.97     	375.996 
-1903.13     	-2.5928 
28510 
-1196.53     	-3.6289 
-1198.12     	404.901 
-1027.68     	695.464 
-1673     	927.753 
-1880.38     	373.131 
-1902.36     	-2.5928 
28520 
-1200.76     	-3.6289 
-1193.89     	429.309 
-1030.43     	659.189 
-1668.44     	933.322 
-1877.67     	386.269 
-1903.37     	-2.5928 
28530 
-1201.9     	-3.6289 
-1195.06     	429.922 
-1030.29     	664.925 
-1668.71     	932.787 
-1881.06     	386.202 
-1903.34     	-2.5928 
28540 
-1202.57     	-3.6289 
-1194.87     	421.288 
-1032.45     	667.871 
-1677.38     	933.094 
-1878.68     	390.414 
-1904.21     	-2.5928 
28550 
-1202.98     	-3.6289 
-1196.33     	425.504 
-1034.11     	667.904 
-1679.38     	932.351 
-1874.68     	394.703 
-1909.97     	-2.5928 
28560 
-1203.66     	-3.6289 
-1197.23     	425.723 
-1034.14     	667.742 
-1679.44     	932.355 
-1874.64     	394.981 
-1909.7     	-2.5928 
28570 
-1204.54     	-3.6289 
-1197.44     	426.32 
-1034.07     	668.223 
-1678.45     	936.145 
-1875.14     	399.072 
-1912.51     	-2.5928 
28580 
-1204.76     	-3.6289 
-1198.6     	425.658 
-1035.31     	667.027 
-1678.44     	936.137 
-1875.05     	398.95 
-1911.84     	-2.5928 
28590 
-1204.07     	-3.6289 
-1197.75     	410.662 
-1058.27     	651.906 
-1697     	912.888 
-1875.09     	391.932 
-1913.11     	-2.5928 
28600 
-1204.92     	-3.6289 
-1197.83     	412.235 
-1057.74     	651.985 
-1696.24     	912.663 
-1875.15     	391.932 
-1913.11     	-2.5928 
28610 
-1206.35     	-3.6289 
-1197.98     	413.285 
-1057.55     	651.83 
-1695.92     	912.702 
-1874.91     	391.886 
-1913.95     	-2.5928 
28620 
-1206.57     	-3.6289 
-1198.15     	410.703 
-1056.97     	651.872 
-1695.91     	912.775 
-1876.03     	391.907 
-1916.75     	-2.5928 
28630 
-1207.24     	-3.6289 
-1198.48     	412.687 
-1056.85     	651.888 
-1695.74     	912.837 
-1876.03     	391.838 
-1916.73     	-2.5928 
28640 
-1207.96     	-3.6289 
-1198.84     	415.071 
-1056.09     	652.104 
-1699.94     	913.237 
-1875.87     	391.212 
-1916.53     	-2.5928 
28650 
-1208.58     	-3.6289 
-1199.34     	416.285 
-1055.9     	652.132 
-1699.84     	913.547 
-1875.86     	391.187 
-1916.61     	-2.5928 
28660 
-1209.5     	-3.6289 
-1199.58     	417.926 
-1055.77     	652.079 
-1699.4     	914.332 
-1875.84     	390.701 
-1924.42     	-2.5928 
28670 
-1209.71     	-3.6289 
-1199.64     	418.037 
-1055.72     	652.107 
-1699.36     	914.445 
-1876.15     	390.718 
-1924.4     	-2.5928 
28680 
-1210.24     	-3.6289 
-1200.15     	418.561 
-1055.17     	652.072 
-1699.18     	914.762 
-1876.14     	390.94 
-1924.4     	-2.5928 
28690 
-1210.28     	-3.6289 
-1202.38     	421.786 
-1051.63     	649.819 
-1699.01     	915.03 
-1879     	403.972 
-1925.96     	-2.5928 
28700 
-1209.18     	-3.6289 
-1206.71     	420.234 
-1052.25     	650.598 
-1698.96     	915.032 
-1878.85     	407.369 
-1927.06     	-2.5928 
28710 
-1209.77     	-3.6289 
-1207.25     	423.299 
-1051.63     	650.893 
-1700.56     	915.697 
-1878.26     	407.353 
-1928.76     	-2.5928 
28720 
-1210.69     	-3.6289 
-1201.55     	422.084 
-1052.46     	651.208 
-1699.9     	915.58 
-1879.82     	409.267 
-1929.04     	-2.5928 
28730 
-1212.33     	-3.6289 
-1202.33     	424.628 
-1052.02     	651.503 
-1699.89     	915.603 
-1879.81     	419.057 
-1927.62     	-2.5928 
28740 
-1213.72     	-3.6289 
-1202.26     	426.369 
-1051.82     	651.564 
-1700.01     	915.62 
-1881.21     	418.9 
-1927.54     	-2.5928 
28750 
-1214.27     	-3.6289 
-1202.52     	427.073 
-1051.77     	651.566 
-1699.86     	915.849 
-1881.2     	420.216 
-1927.46     	-2.5928 
28760 
-1214.82     	-3.6289 
-1203.06     	427.292 
-1051.75     	651.694 
-1699.73     	915.91 
-1881.11     	420.105 
-1927.33     	-2.5928 
28770 
-1215.36     	-3.6289 
-1203.45     	427.643 
-1051.75     	651.914 
-1699.72     	916.003 
-1881.03     	431.169 
-1926.82     	-2.5928 
28780 
-1215.24     	-3.6289 
-1203.45     	427.876 
-1051.75     	651.919 
-1699.47     	916.039 
-1881.02     	432.604 
-1927.3     	-2.5928 
28790 
-1215.92     	-3.6289 
-1209.05     	429.755 
-1051.78     	651.931 
-1699.49     	916.194 
-1881.68     	434.664 
-1927.26     	-2.5928 
28800 
-1215.45     	-3.6289 
-1211.35     	428.463 
-1051.86     	651.76 
-1699.47     	916.377 
-1883.56     	433.784 
-1936.19     	-2.5928 
28810 
-1216.5     	-3.6289 
-1211.44     	429.455 
-1051.59     	651.35 
-1698.87     	916.341 
-1877.44     	460.542 
-1935.54     	-2.5928 
28820 
-1217.01     	-3.6289 
-1212.18     	429.7 
-1051.39     	651.52 
-1698.79     	916.396 
-1877.36     	460.506 
-1934.01     	-2.5928 
28830 
-1216.32     	-3.6289 
-1209.25     	433.811 
-1050.38     	651.661 
-1699.3     	916.628 
-1878.55     	460.507 
-1933.91     	-2.5928 
28840 
-1217.81     	-3.6289 
-1210.13     	433.035 
-1051.08     	652.171 
-1699.37     	916.735 
-1878.07     	459.919 
-1933.95     	-2.5928 
28850 
-1219.57     	-3.6289 
-1210.06     	432.943 
-1051.76     	649.313 
-1699.69     	917.15 
-1870.65     	489.023 
-1938.42     	-2.5928 
28860 
-1220.37     	-3.6289 
-1212.34     	433.675 
-1051.66     	649.824 
-1699.82     	917.781 
-1870.65     	489.037 
-1938.42     	-2.5928 
28870 
-1220.77     	-3.6289 
-1212.51     	432.724 
-1051.86     	650.269 
-1699.72     	917.801 
-1870.45     	488.191 
-1939.26     	-2.5928 
28880 
-1219.04     	-3.6289 
-1218.29     	430.298 
-1051.94     	649.749 
-1699.73     	918.066 
-1869.77     	493.737 
-1940.7     	-2.5928 
28890 
-1219.98     	-3.6289 
-1218.52     	430.103 
-1052.14     	650.107 
-1699.6     	918.093 
-1869.43     	502.867 
-1940.89     	-2.5928 
28900 
-1219.47     	-3.6289 
-1214.99     	432.825 
-1053.57     	652.676 
-1700.12     	918.017 
-1870.04     	502.061 
-1941.84     	-2.5928 
28910 
-1222.85     	-3.6289 
-1219.32     	427.342 
-1054.01     	652.68 
-1700.09     	918.188 
-1871.11     	502.596 
-1942.19     	-2.5928 
28920 
-1223.41     	-3.6289 
-1219.9     	428.023 
-1053.65     	653.016 
-1700.21     	918.275 
-1871.18     	502.3 
-1943.34     	-2.5928 
28930 
-1223.96     	-3.6289 
-1220.58     	427.235 
-1054.18     	653.942 
-1700.26     	918.285 
-1871.45     	500.822 
-1944.93     	-2.5928 
28940 
-1224.51     	-3.6289 
-1220.76     	427.759 
-1054.38     	654.369 
-1700.21     	918.335 
-1871.41     	500.895 
-1946.23     	-2.5928 
28950 
-1223.44     	-3.6289 
-1222.19     	428.128 
-1050.14     	653.771 
-1702.77     	919.241 
-1870.12     	510.783 
-1956.36     	-2.5928 
28960 
-1224.12     	-3.6289 
-1222.59     	429.699 
-1050.75     	653.964 
-1702.58     	919.357 
-1870.12     	510.769 
-1956.64     	-2.5928 
28970 
-1225.06     	-3.6289 
-1222.5     	429.491 
-1051.2     	653.986 
-1702.28     	919.411 
-1869.89     	510.08 
-1956.87     	-2.5928 
28980 
-1225.84     	-3.6289 
-1222.73     	430.826 
-1051.56     	654.18 
-1702.27     	919.543 
-1869.82     	512.368 
-1957.92     	-2.5928 
28990 
-1226.55     	-3.6289 
-1223.05     	430.648 
-1051.91     	654.319 
-1702.3     	919.699 
-1874.81     	511.923 
-1957.6     	-2.5928 
29000 
-1227.36     	-3.6289 
-1223.2     	431.38 
-1052.22     	654.43 
-1702.03     	919.735 
-1873.8     	511.93 
-1959.49     	-2.5928 
