16000 
-279.624     	0.721035 
-667.01     	429.548 
-966.655     	505.822 
-1069.35     	229.791 
-1084.24     	1.20208 
16010 
-379.624     	0.721035 
-667.778     	431.289 
-965.537     	503.71 
-1069.38     	229.979 
-1085.52     	1.20208 
16020 
-383.21     	0.721035 
-667.388     	431.495 
-965.083     	505.002 
-1071.15     	240.654 
-1086.86     	1.20208 
16030 
-383.852     	0.721035 
-667.478     	431.836 
-965.013     	504.617 
-1071.16     	251.782 
-1086.96     	1.20208 
16040 
-384.538     	0.721035 
-666.855     	431.976 
-964.771     	505.743 
-1071.9     	253.414 
-1086.59     	1.20208 
16050 
-385.188     	0.721035 
-666.801     	432.302 
-964.646     	505.433 
-1071.85     	252.973 
-1086.7     	1.20208 
16060 
-385.803     	0.721035 
-666.596     	431.742 
-969.596     	506.842 
-1069.49     	248.606 
-1089     	1.20208 
16070 
-386.536     	0.721035 
-665.788     	432.506 
-969.093     	506.475 
-1068.53     	253.592 
-1090.64     	1.20208 
16080 
-387.026     	0.721035 
-665.834     	432.561 
-968.634     	505.83 
-1068.84     	250.94 
-1090.77     	1.20208 
16090 
-387.812     	0.721035 
-665.858     	433.082 
-967.657     	505.825 
-1076.57     	250.817 
-1090.53     	1.20208 
16100 
-388.005     	0.721035 
-667.107     	433.589 
-967.579     	505.582 
-1072.39     	262.644 
-1091.47     	1.20208 
16110 
-388.818     	0.721035 
-662.726     	432.804 
-968.876     	506.327 
-1069.79     	270.007 
-1092.83     	1.20208 
16120 
-389.024     	0.721035 
-664.556     	432.778 
-967.982     	507.669 
-1069.99     	269.414 
-1093.75     	1.20208 
16130 
-389.498     	0.721035 
-665.31     	431.75 
-967.402     	507.653 
-1072.46     	260.03 
-1094.21     	1.20208 
16140 
-391.051     	0.721035 
-665.751     	434.992 
-968.555     	507.252 
-1072.72     	256.924 
-1094.33     	1.20208 
16150 
-391.6     	0.721035 
-666.617     	434.833 
-969.001     	507.028 
-1072.48     	256.735 
-1099.94     	1.20208 
16160 
-392.108     	0.721035 
-667.009     	434.948 
-969.711     	513.843 
-1071.62     	271.502 
-1098.84     	1.20208 
16170 
-392.851     	0.721035 
-666.819     	435.124 
-970.577     	509.819 
-1073.05     	270.483 
-1098.16     	1.20208 
16180 
-393.09     	0.721035 
-667.83     	435.24 
-970.556     	509.297 
-1072.49     	267.92 
-1098.42     	1.20208 
16190 
-394.102     	0.721035 
-667.829     	436.743 
-974.634     	510.193 
-1078.33     	253.61 
-1097.35     	1.20208 
16200 
-394.727     	0.721035 
-667.854     	436.748 
-974.763     	509.981 
-1078.28     	252.692 
-1098.14     	1.20208 
16210 
-395.347     	0.721035 
-667.903     	436.733 
-974.778     	509.928 
-1078.2     	252.269 
-1098.22     	1.20208 
16220 
-395.957     	0.721035 
-668.125     	436.768 
-974.713     	509.216 
-1074.23     	263.041 
-1105.3     	1.20208 
16230 
-396.58     	0.721035 
-668.177     	436.811 
-975.978     	509.453 
-1077.74     	251.545 
-1101.35     	1.20208 
16240 
-397.361     	0.721035 
-666.582     	437.513 
-978.761     	509.61 
-1078.81     	259.88 
-1105.5     	1.20208 
16250 
-397.972     	0.721035 
-666.781     	437.554 
-978.578     	509.616 
-1078.77     	259.93 
-1104.82     	1.20208 
16260 
-398.589     	0.721035 
-666.942     	437.63 
-978.453     	509.671 
-1078.93     	258.534 
-1103.26     	1.20208 
16270 
-399.208     	0.721035 
-667.029     	437.633 
-978.206     	510.747 
-1080.2     	252.351 
-1103.92     	1.20208 
16280 
-399.83     	0.721035 
-667.043     	437.628 
-979.785     	512.807 
-1079.78     	265.894 
-1108.68     	1.20208 
16290 
-400.447     	0.721035 
-667.127     	437.597 
-979.799     	512.831 
-1079.82     	265.734 
-1105.46     	1.20208 
16300 
-401.02     	0.721035 
-668.087     	438.068 
-981.112     	513.873 
-1082.14     	261.582 
-1106.15     	1.20208 
16310 
-401.641     	0.721035 
-668.111     	438.058 
-980.993     	513.645 
-1082.31     	260.681 
-1109.98     	1.20208 
16320 
-402.314     	0.721035 
-668.28     	439.431 
-980.952     	513.722 
-1082.47     	260.209 
-1107.17     	1.20208 
16330 
-402.98     	0.721035 
-668.58     	440.815 
-981.013     	513.784 
-1082.12     	268.237 
-1108.05     	1.20208 
16340 
-403.374     	0.721035 
-671.086     	440.141 
-983.197     	515.519 
-1082.9     	266.856 
-1112.32     	1.20208 
16350 
-403.97     	0.721035 
-672.687     	442.207 
-983.405     	515.131 
-1082.9     	266.856 
-1111.09     	1.20208 
16360 
-404.439     	0.721035 
-676.211     	444.554 
-983.257     	514.918 
-1082.73     	266.403 
-1111.2     	1.20208 
16370 
-404.962     	0.721035 
-676.235     	444.873 
-983.151     	514.889 
-1089.28     	266.395 
-1109.12     	1.20208 
16380 
-405.471     	0.721035 
-676.347     	445.038 
-982.981     	517.458 
-1086.38     	266.448 
-1112.48     	1.20208 
16390 
-405.973     	0.721035 
-677.268     	445.902 
-983.155     	515.641 
-1086.12     	265.525 
-1112.05     	1.20208 
16400 
-406.48     	0.721035 
-677.808     	446.355 
-990.095     	514.052 
-1086.98     	263.933 
-1113.52     	1.20208 
16410 
-406.988     	0.721035 
-678.135     	446.752 
-989.729     	514.231 
-1086.98     	262.444 
-1113.54     	1.20208 
16420 
-408.136     	0.721035 
-678.489     	447.17 
-988.482     	514.615 
-1091.46     	246.984 
-1112.73     	1.20208 
16430 
-408.804     	0.721035 
-678.009     	447.393 
-988.536     	513.031 
-1097.43     	248.131 
-1116.32     	1.20208 
16440 
-409.415     	0.721035 
-678.423     	447.818 
-986.946     	513.845 
-1097.28     	247.352 
-1116.52     	1.20208 
16450 
-410.039     	0.721035 
-678.445     	447.9 
-991.824     	519.149 
-1096.64     	246.966 
-1115.16     	1.20208 
16460 
-410.639     	0.721035 
-678.989     	448.305 
-992.398     	519.017 
-1097.35     	247.487 
-1115.12     	1.20208 
16470 
-411.226     	0.721035 
-679.399     	448.457 
-993.815     	517.411 
-1099.82     	243.063 
-1115.75     	1.20208 
16480 
-411.846     	0.721035 
-680.265     	449.554 
-993.415     	517.242 
-1099.58     	242.38 
-1115.24     	1.20208 
16490 
-412.446     	0.721035 
-680.81     	449.963 
-993.081     	516.832 
-1099.33     	241.582 
-1115.68     	1.20208 
16500 
-413.083     	0.721035 
-680.812     	450.319 
-993.059     	516.981 
-1097.17     	245.811 
-1118.07     	1.20208 
16510 
-413.719     	0.721035 
-680.85     	450.677 
-993.739     	520.853 
-1094.48     	275.563 
-1119.14     	1.20208 
16520 
-414.335     	0.721035 
-680.91     	450.659 
-990.601     	520.79 
-1090.17     	289.556 
-1125.47     	1.20208 
16530 
-414.953     	0.721035 
-680.965     	450.663 
-990.951     	520 
-1090.21     	286.124 
-1125.13     	1.20208 
16540 
-415.528     	0.721035 
-682.414     	452.022 
-991.058     	518.273 
-1092.9     	276.956 
-1124.46     	1.20208 
16550 
-416.131     	0.721035 
-682.557     	452.383 
-997.521     	518.278 
-1092.85     	276.708 
-1124.47     	1.20208 
16560 
-416.734     	0.721035 
-682.527     	452.708 
-993.503     	518.301 
-1092.78     	277.161 
-1125.26     	1.20208 
16570 
-417.336     	0.721035 
-682.528     	453.041 
-993.023     	518.615 
-1095.13     	280.171 
-1124.26     	1.20208 
16580 
-417.936     	0.721035 
-682.268     	452.935 
-996.213     	522.143 
-1098.32     	278.48 
-1124.6     	1.20208 
16590 
-418.61     	0.721035 
-681.25     	453.254 
-996.324     	522.388 
-1100.15     	275.98 
-1124.02     	1.20208 
16600 
-419.151     	0.721035 
-681.938     	453.296 
-997.638     	520.244 
-1101.78     	274.754 
-1124.29     	1.20208 
16610 
-419.801     	0.721035 
-681.557     	454.164 
-997.9     	522.934 
-1103.12     	271.983 
-1124.87     	1.20208 
16620 
-415.703     	0.721035 
-669.046     	356.23 
-996.459     	528.395 
-1099.82     	281.416 
-1125.38     	1.20208 
16630 
-415.755     	0.721035 
-669     	356.309 
-996.304     	528.583 
-1099.63     	280.479 
-1128.92     	1.20208 
16640 
-417.285     	0.721035 
-669.006     	356.486 
-996.469     	528.717 
-1099.11     	279.884 
-1128.91     	1.20208 
16650 
-417.892     	0.721035 
-669     	356.473 
-996.121     	529.139 
-1100.26     	279.583 
-1129.43     	1.20208 
16660 
-418.517     	0.721035 
-668.89     	356.57 
-996.185     	529.275 
-1100.25     	279.611 
-1130.32     	1.20208 
16670 
-419.056     	0.721035 
-669.554     	356.621 
-995.804     	530.525 
-1102.9     	285.258 
-1129.85     	1.20208 
16680 
-419.641     	0.721035 
-669.459     	356.701 
-995.642     	530.615 
-1102.79     	287.531 
-1129.93     	1.20208 
16690 
-325.02     	0.721035 
-669.397     	356.772 
-995.368     	530.718 
-1102.78     	287.542 
-1129.91     	1.20208 
16700 
-325.444     	0.721035 
-670.255     	356.796 
-995.27     	532.48 
-1102.46     	285.376 
-1129.96     	1.20208 
16710 
-375.02     	0.721035 
-677.464     	351.463 
-984.221     	552.624 
-1106.94     	287.114 
-1130.38     	1.20208 
16720 
-375.623     	0.721035 
-677.316     	351.471 
-984.358     	552.506 
-1106.78     	288.169 
-1132.75     	1.20208 
16730 
-376.181     	0.721035 
-677.285     	351.505 
-984.032     	552.589 
-1107.28     	287.08 
-1133.72     	1.20208 
16740 
-376.676     	0.721035 
-677.041     	351.526 
-984.568     	552.006 
-1108.19     	286.786 
-1134.05     	1.20208 
16750 
-377.42     	0.721035 
-676.96     	351.538 
-984.814     	552.359 
-1108.92     	287.466 
-1134.63     	1.20208 
16760 
-377.645     	0.721035 
-676.877     	351.557 
-985.574     	552.984 
-1108.17     	287.675 
-1134.65     	1.20208 
16770 
-378.603     	0.721035 
-676.837     	351.576 
-986.436     	553.49 
-1107.39     	287.791 
-1136.93     	1.20208 
16780 
-378.612     	0.721035 
-676.907     	351.72 
-987.149     	554.239 
-1108.1     	290.265 
-1141.55     	1.20208 
16790 
-379.777     	0.721035 
-677.115     	352.014 
-990.276     	555.467 
-1109.65     	290.994 
-1141.09     	1.20208 
16800 
-380.358     	0.721035 
-677.24     	352.2 
-990.276     	555.467 
-1109.65     	291.254 
-1139.32     	1.20208 
16810 
-380.966     	0.721035 
-677.094     	352.256 
-990.955     	555.319 
-1109.51     	291.013 
-1142.67     	1.20208 
16820 
-381.552     	0.721035 
-677.068     	352.274 
-990.578     	555.56 
-1110.11     	290.85 
-1140.39     	1.20208 
16830 
-382.183     	0.721035 
-676.687     	352.312 
-992.52     	555.048 
-1110.32     	286.694 
-1142.11     	1.20208 
16840 
-382.778     	0.721035 
-676.596     	352.338 
-992.427     	555.048 
-1109.58     	290.384 
-1143.21     	1.20208 
16850 
-383.37     	0.721035 
-676.574     	352.428 
-992.815     	555.155 
-1109.81     	301.92 
-1143.66     	1.20208 
16860 
-383.958     	0.721035 
-676.552     	352.469 
-992.449     	555.243 
-1109.74     	301.557 
-1143.66     	1.20208 
16870 
-384.488     	0.721035 
-676.649     	352.603 
-993.151     	555.247 
-1109.88     	299.999 
-1147.99     	1.20208 
16880 
-385.125     	0.721035 
-676.767     	352.836 
-993.885     	555.686 
-1112.53     	298.511 
-1150.43     	1.20208 
16890 
-385.718     	0.721035 
-676.756     	352.921 
-994.118     	555.867 
-1112.22     	298.331 
-1148.28     	1.20208 
16900 
-386.305     	0.721035 
-676.85     	353.085 
-993.662     	555.491 
-1112.88     	298.485 
-1148.86     	1.20208 
16910 
-386.856     	0.721035 
-677.665     	353.779 
-995.405     	555.904 
-1111.88     	300.577 
-1148.28     	1.20208 
16920 
-387.443     	0.721035 
-677.664     	353.844 
-995.5     	556.19 
-1117.16     	300.621 
-1147.97     	1.20208 
16930 
-388.022     	0.721035 
-677.645     	353.868 
-995.233     	556.497 
-1116.86     	299.715 
-1147.32     	1.20208 
16940 
-388.606     	0.721035 
-677.739     	353.973 
-995.242     	556.87 
-1116.61     	299.784 
-1147.2     	1.20208 
16950 
-389.12     	0.721035 
-678.414     	354.788 
-996.699     	555.259 
-1119.21     	307.768 
-1148.35     	1.20208 
16960 
-413.965     	0.721035 
-677.75     	354.342 
-998.877     	557.741 
-1117.27     	302.917 
-1150.09     	1.20208 
16970 
-414.765     	0.721035 
-677.834     	354.307 
-998.085     	558.659 
-1118.09     	302.467 
-1151.55     	1.20208 
16980 
-415.306     	0.721035 
-679.654     	355.635 
-998.461     	558.019 
-1120.33     	299.76 
-1153.39     	1.20208 
16990 
-429.019     	0.721035 
-679.928     	355.565 
-998.543     	561.229 
-1121.37     	301.279 
-1153.9     	1.20208 
17000 
-429.026     	0.721035 
-680.118     	355.852 
-998.776     	560.78 
-1121.5     	299.991 
-1152.7     	1.20208 
