27500 
-1058.69     	6.45016 
-1145.6     	368.287 
-1001.55     	675.592 
-1641.93     	854.222 
-1794.53     	417.118 
-1840.93     	2.48155 
27510 
-1059.56     	6.45016 
-1149.7     	381.651 
-1000.81     	675.981 
-1641.77     	854.298 
-1794.54     	416.915 
-1840.85     	2.48155 
27520 
-1053.8     	6.45016 
-1198.78     	391.54 
-992.545     	613.862 
-1636.21     	857.469 
-1793.74     	426.767 
-1841.47     	2.48155 
27530 
-1054.1     	6.45016 
-1198.75     	391.896 
-992.544     	613.303 
-1632.81     	859.663 
-1793.74     	426.765 
-1841.51     	2.48155 
27540 
-1058.04     	6.45016 
-1197.28     	393.565 
-992.6     	613.472 
-1632.57     	859.71 
-1794.95     	424.934 
-1843.63     	2.48155 
27550 
-1060.75     	6.45016 
-1197.69     	394.986 
-992.293     	613.5 
-1632.57     	859.829 
-1794.86     	424.734 
-1843.23     	2.48155 
27560 
-1062.02     	6.45016 
-1194.48     	400.542 
-988.593     	612.176 
-1633.1     	860.157 
-1795.65     	439.612 
-1845.3     	2.48155 
27570 
-1063.52     	6.45016 
-1194.29     	400.61 
-988.443     	612.329 
-1633     	860.23 
-1795.57     	439.477 
-1845.25     	2.48155 
27580 
-1064.28     	6.45016 
-1194.55     	400.131 
-989.001     	612.693 
-1632.92     	860.322 
-1795.52     	439.34 
-1845.16     	2.48155 
27590 
-1065.06     	6.45016 
-1199.83     	398.759 
-988.835     	612.785 
-1632.73     	860.367 
-1796.3     	448.721 
-1847.76     	2.48155 
27600 
-1065.06     	6.45016 
-1201.15     	398.992 
-988.585     	612.818 
-1632.69     	860.472 
-1798.31     	447.849 
-1847.54     	2.48155 
27610 
-1066.77     	6.45016 
-1201.07     	400.294 
-988.062     	612.791 
-1632.63     	860.565 
-1797.74     	446.727 
-1847.37     	2.48155 
27620 
-1067.69     	6.45016 
-1201.9     	398.892 
-987.723     	612.819 
-1632.57     	860.645 
-1798.6     	444.499 
-1849.22     	2.48155 
27630 
-1068.36     	6.45016 
-1202.23     	400.526 
-988.234     	613.161 
-1632.55     	860.772 
-1798.63     	444.637 
-1849.37     	2.48155 
27640 
-1069.53     	6.45016 
-1202.06     	402.108 
-988.254     	613.29 
-1632.44     	860.856 
-1798.36     	444.099 
-1849.5     	2.48155 
27650 
-1070.41     	6.45016 
-1203.17     	403.233 
-985.532     	612.069 
-1634.22     	861.688 
-1803.46     	445.256 
-1850.35     	2.48155 
27660 
-1071.29     	6.45016 
-1202.07     	405.196 
-985.5     	612.157 
-1634.21     	861.8 
-1803.37     	445.138 
-1850.68     	2.48155 
27670 
-1072.21     	6.45016 
-1203.46     	404.182 
-985.13     	612.581 
-1634.19     	861.876 
-1803.27     	445.412 
-1852     	2.48155 
27680 
-1073.13     	6.45016 
-1203.63     	405.23 
-984.934     	612.657 
-1634.14     	861.976 
-1803.17     	445.269 
-1851.96     	2.48155 
27690 
-1073.77     	6.45016 
-1203.21     	405.172 
-985.701     	613.286 
-1635.73     	861.579 
-1803.15     	450.097 
-1851.42     	2.48155 
27700 
-1071.56     	6.45016 
-1206.77     	402.043 
-987.166     	613.831 
-1635.93     	862.841 
-1804.6     	449.016 
-1852.68     	2.48155 
27710 
-1075.75     	6.45016 
-1205.19     	404.228 
-986.918     	613.875 
-1635.82     	862.981 
-1802.84     	470.759 
-1856.66     	2.48155 
27720 
-1076.68     	6.45016 
-1205.22     	405.536 
-987.238     	614.154 
-1635.9     	863.13 
-1802.75     	470.804 
-1856.13     	2.48155 
27730 
-1077.47     	6.45016 
-1206.11     	405.075 
-987.207     	614.296 
-1635.61     	863.141 
-1802.78     	470.881 
-1856.12     	2.48155 
27740 
-1078.44     	6.45016 
-1206.15     	405.077 
-986.847     	614.296 
-1635.68     	863.139 
-1802.39     	470.298 
-1856.21     	2.48155 
27750 
-1079.18     	6.45016 
-1207.82     	405.648 
-986.943     	614.484 
-1635.66     	863.396 
-1802.37     	470.136 
-1856.24     	2.48155 
27760 
-1079.84     	6.45016 
-1209.06     	407.084 
-985.56     	613.874 
-1635.48     	863.472 
-1806.46     	472.781 
-1857.82     	2.48155 
27770 
-1081.09     	6.45016 
-1208.56     	407.891 
-985.547     	614.27 
-1635.48     	863.566 
-1806.4     	472.953 
-1857.47     	2.48155 
27780 
-1081.93     	6.45016 
-1209.69     	407.284 
-985.256     	614.294 
-1635.41     	863.661 
-1804.09     	469.947 
-1864.79     	2.48155 
27790 
-1082.85     	6.45016 
-1209.53     	408.066 
-984.901     	614.301 
-1644.06     	867.101 
-1802.91     	470.171 
-1865.63     	2.48155 
27800 
-1083.65     	6.45016 
-1210.87     	408.025 
-984.862     	614.456 
-1644.07     	867.195 
-1802.84     	470.256 
-1865.44     	2.48155 
27810 
-1084.61     	6.45016 
-1210.88     	408.678 
-984.74     	614.49 
-1643.92     	867.289 
-1803.02     	470.258 
-1865.06     	2.48155 
27820 
-1085.5     	6.45016 
-1211.32     	409.058 
-984.518     	614.648 
-1643.72     	867.315 
-1803.97     	470.517 
-1866.69     	2.48155 
27830 
-1086.39     	6.45016 
-1211.34     	408.687 
-984.591     	614.771 
-1643.47     	867.355 
-1804.3     	475.545 
-1867.2     	2.48155 
27840 
-1087.3     	6.45016 
-1211.34     	409.209 
-985.749     	615.422 
-1643.15     	867.346 
-1804.3     	477.33 
-1867.2     	2.48155 
27850 
-1088.2     	6.45016 
-1211.43     	409.333 
-986.464     	615.85 
-1643.05     	867.43 
-1804.29     	477.78 
-1866.96     	2.48155 
27860 
-1088.99     	6.45016 
-1212.57     	409.404 
-986.017     	615.831 
-1643.03     	867.535 
-1804.25     	477.914 
-1866.74     	2.48155 
27870 
-1089.96     	6.45016 
-1212.63     	409.446 
-985.898     	615.883 
-1642.99     	867.648 
-1804.19     	477.79 
-1866.91     	2.48155 
27880 
-1090.81     	6.45016 
-1213.03     	407.28 
-989.621     	617.524 
-1642.96     	867.74 
-1804.19     	477.8 
-1866.69     	2.48155 
27890 
-1091.73     	6.45016 
-1213.12     	408.429 
-989.626     	617.673 
-1643.24     	867.98 
-1803.96     	502.282 
-1866.48     	2.48155 
27900 
-1091.62     	6.45016 
-1209.05     	399.543 
-997.509     	620.873 
-1643.29     	868.001 
-1803.95     	502.206 
-1867.11     	2.48155 
27910 
-1093.4     	6.45016 
-1213.63     	403.006 
-998.584     	621.599 
-1645.28     	868.157 
-1803.55     	501.491 
-1868.98     	2.48155 
27920 
-1094.45     	6.45016 
-1207.91     	407.951 
-1000.25     	622.026 
-1644.22     	868.73 
-1805.68     	505.283 
-1873.65     	2.48155 
27930 
-1095.21     	6.45016 
-1208.25     	407.647 
-1000.44     	622.426 
-1644.06     	868.771 
-1805.54     	504.939 
-1873.66     	2.48155 
27940 
-1096.38     	6.45016 
-1208.33     	407.6 
-1000.27     	622.505 
-1643.88     	868.828 
-1805.45     	504.71 
-1873.34     	2.48155 
27950 
-1097.03     	6.45016 
-1208.79     	407.369 
-1006.96     	625.05 
-1643.81     	868.903 
-1805.47     	530.087 
-1873.34     	2.48155 
27960 
-1097.96     	6.45016 
-1208.96     	406.919 
-1006.52     	625.212 
-1643.65     	868.972 
-1805.44     	529.402 
-1873.35     	2.48155 
27970 
-1098.82     	6.45016 
-1209.14     	406.287 
-1006.15     	625.222 
-1643.55     	869.059 
-1805.43     	529.402 
-1873.35     	2.48155 
27980 
-1099.78     	6.45016 
-1212.17     	405.051 
-1005.47     	625.116 
-1643.95     	869.331 
-1805.47     	526.416 
-1879.05     	2.48155 
27990 
-1100.71     	6.45016 
-1211.89     	404.286 
-1005.62     	625.329 
-1644.05     	869.488 
-1808.89     	522.499 
-1879.79     	2.48155 
28000 
-1101.61     	6.45016 
-1211.85     	404.329 
-1005.47     	625.418 
-1643.98     	869.584 
-1808.82     	522.202 
-1879.98     	2.48155 
