20000 
-445.684     	4.28128 
-632.485     	146.901 
-675.076     	140.924 
-744.875     	64.2524 
-768.873     	560.09 
-1199.91     	615.448 
-1325.48     	291.235 
-1342.83     	1.64712 
20010 
-445.745     	4.28128 
-632.522     	144.659 
-674.686     	139.183 
-745.827     	64.0749 
-768.881     	558.997 
-1199.32     	615.752 
-1324.77     	289.471 
-1342.68     	1.64712 
20020 
-445.745     	4.28128 
-632.549     	142.568 
-670.348     	138.798 
-746.839     	63.7291 
-769.065     	553.801 
-1197.71     	619.787 
-1324.44     	288.872 
-1342.6     	1.64712 
20030 
-445.744     	4.28128 
-632.55     	140.53 
-670.403     	135.868 
-747.017     	63.5692 
-768.61     	553.19 
-1197.66     	620.487 
-1324.52     	286.976 
-1342.6     	1.64712 
20040 
-441.101     	4.28128 
-631.104     	132.112 
-675.437     	135.949 
-747.552     	63.2232 
-770.504     	552.691 
-1197.44     	624.438 
-1323.49     	290.023 
-1345.34     	1.64712 
20050 
-441.102     	4.28128 
-631.104     	130.453 
-675.39     	135.884 
-747.805     	63.2005 
-770.48     	552.689 
-1197.44     	624.459 
-1323.48     	290.087 
-1345.37     	1.64712 
20060 
-441.006     	4.28128 
-631.111     	128.753 
-675.328     	135.691 
-749.508     	63.158 
-770.242     	552.666 
-1197.22     	624.712 
-1323.39     	310.534 
-1345.39     	1.64712 
20070 
-441.02     	4.28128 
-631.091     	127.195 
-676.747     	135.039 
-755.136     	63.5629 
-756.73     	550.597 
-1196.25     	628.514 
-1322.5     	307.608 
-1350.47     	1.64712 
20080 
-441.019     	4.28128 
-631.092     	125.678 
-677.103     	134.994 
-755.179     	63.1953 
-756.84     	550.516 
-1196.3     	628.466 
-1322.52     	307.575 
-1350.47     	1.64712 
20090 
-441.019     	4.28128 
-631.092     	124.207 
-677.132     	134.989 
-755.182     	63.2542 
-763.68     	551.574 
-1202.08     	628.093 
-1321.86     	308.618 
-1350.31     	1.64712 
20100 
-441.006     	4.28128 
-631.12     	122.782 
-679.664     	135.027 
-755.184     	63.2554 
-763.829     	552.141 
-1201.99     	628.009 
-1321.82     	308.487 
-1350.35     	1.64712 
20110 
-440.867     	4.28128 
-631.115     	121.275 
-679.07     	135.027 
-755.575     	64.3008 
-764.899     	553.327 
-1199.71     	625.803 
-1322.5     	316.758 
-1353.67     	1.64712 
20120 
-440.868     	4.28128 
-631.113     	119.923 
-679.599     	135.314 
-755.887     	66.3166 
-765.085     	553.416 
-1199.17     	626.846 
-1322.78     	318.41 
-1354.72     	1.64712 
20130 
-440.869     	4.28128 
-631.127     	118.615 
-679.625     	135.654 
-756.278     	65.0615 
-765.398     	553.661 
-1199.31     	627.314 
-1322.49     	318.461 
-1353.72     	1.64712 
20140 
-440.813     	4.28128 
-589.487     	92.5673 
-683.465     	132.594 
-756.285     	64.4708 
-765.475     	554.206 
-1202     	627.129 
-1321.84     	316.725 
-1354.86     	1.64712 
20150 
-478.817     	4.28128 
-549.84     	84.4823 
-686.06     	133.044 
-756.224     	65.4539 
-771.92     	556.344 
-1201.03     	630.717 
-1325.67     	320.788 
-1356.37     	1.64712 
20160 
-478.821     	4.28128 
-549.84     	82.3313 
-684.837     	131.559 
-756.627     	64.5411 
-772.171     	555.065 
-1200.98     	630.682 
-1329.2     	320.535 
-1356.88     	1.64712 
20170 
-477.287     	4.28128 
-549.421     	78.5366 
-684.696     	132.824 
-756.621     	63.1619 
-771.92     	556.252 
-1201.14     	630.582 
-1329.19     	320.484 
-1356.76     	1.64712 
20180 
-385.011     	4.28128 
-552.231     	8.20518 
-685.899     	134.062 
-758.66     	64.7337 
-771.585     	555.307 
-1201.86     	634.326 
-1327.91     	319.798 
-1357.66     	1.64712 
20190 
-387.862     	4.28128 
-553.559     	7.97659 
-686.035     	133.99 
-758.816     	65.1996 
-773.462     	554.895 
-1202.71     	633.984 
-1327.89     	321.626 
-1359     	1.64712 
20200 
-297.333     	4.28128 
-554.946     	7.82368 
-688.024     	135.641 
-759.781     	63.3941 
-774.094     	557.265 
-1206.28     	631.923 
-1327.92     	322.167 
-1358.96     	1.64712 
20210 
-213.708     	4.28128 
-534.096     	16.7216 
-687.987     	136.875 
-758.285     	63.2715 
-772.775     	560.028 
-1206.2     	632.242 
-1330.99     	322.218 
-1358.9     	1.64712 
20220 
-222.634     	4.28128 
-535.082     	16.5392 
-688.26     	136.424 
-760.119     	63.2779 
-772.982     	559.997 
-1205.79     	631.911 
-1330.63     	319.664 
-1358.7     	1.64712 
20230 
-226.082     	4.28128 
-536.401     	16.3558 
-687.769     	136.107 
-760.19     	63.3136 
-775.446     	558.885 
-1203.86     	629.48 
-1331.24     	322.284 
-1358.41     	1.64712 
20240 
-205.824     	4.28128 
-535.406     	13.7719 
-687.68     	137.515 
-763.38     	65.7462 
-770.443     	560.09 
-1201.88     	632.754 
-1333.96     	319.4 
-1361.24     	1.64712 
20250 
-215.142     	4.28128 
-536.567     	13.5972 
-687.716     	137.236 
-763.958     	64.8984 
-771.19     	558.111 
-1203.24     	631.955 
-1333.74     	320.256 
-1361.42     	1.64712 
20260 
-220.495     	4.28128 
-537.755     	13.2199 
-688.015     	137.671 
-764.584     	64.2521 
-771.712     	559.078 
-1204.35     	632.443 
-1333.53     	322.527 
-1361.29     	1.64712 
20270 
-226.16     	4.28128 
-539.065     	13.0739 
-688.313     	137.813 
-765.266     	64.2369 
-771.943     	559.121 
-1204.23     	632.445 
-1333.41     	320.989 
-1361.28     	1.64712 
20280 
-263.619     	4.28128 
-540.296     	12.916 
-688.447     	137.684 
-766.198     	64.1839 
-772.141     	560.199 
-1214.75     	632.157 
-1348.72     	262.723 
-1357.16     	1.64712 
20290 
-179.732     	4.28128 
-540.869     	12.2075 
-689.243     	138.069 
-766.279     	65.117 
-773.897     	562.25 
-1217.35     	634.612 
-1348.27     	262.787 
-1357.23     	1.64712 
20300 
-108.533     	4.28128 
-537.971     	8.81714 
-689.622     	137.421 
-766.977     	65.1585 
-773.935     	562.486 
-1218.03     	636.277 
-1346.31     	263.761 
-1363.62     	1.64712 
20310 
-14.6388     	4.28128 
-534.548     	4.67333 
-691.983     	139.128 
-767.571     	65.278 
-774.686     	563.453 
-1218.13     	636.23 
-1346.05     	273.627 
-1364.53     	1.64712 
20320 
39.1244     	4.28128 
-535.754     	3.69365 
-691.945     	140.468 
-768.009     	66.0993 
-775.885     	563.676 
-1219.36     	635.208 
-1345.96     	275.73 
-1366.35     	1.64712 
20330 
35.1079     	4.28128 
-536.984     	3.6326 
-692.612     	140.405 
-768.042     	66.1122 
-775.937     	563.639 
-1218.63     	635.159 
-1345.95     	275.796 
-1366.12     	1.64712 
20340 
37.9364     	4.28128 
-537.638     	3.25806 
-693.079     	139.881 
-769.153     	67.0903 
-777.252     	564.343 
-1220.93     	637.996 
-1345.51     	283.982 
-1366.7     	1.64712 
20350 
25.8255     	4.28128 
-539.152     	3.23213 
-693.251     	139.78 
-769.947     	65.7146 
-777.046     	564.575 
-1219.98     	637.689 
-1345.46     	283.807 
-1367.74     	1.64712 
20360 
111.945     	4.28128 
-540.561     	3.24443 
-693.395     	139.468 
-770.555     	65.5606 
-777.481     	564.879 
-1219.69     	637.598 
-1345.29     	286.175 
-1368.44     	1.64712 
20370 
138.886     	4.28128 
-542.193     	3.09104 
-693.146     	139.591 
-771.168     	65.5343 
-777.583     	564.811 
-1219.66     	637.52 
-1345.25     	286.454 
-1368.42     	1.64712 
20380 
237.791     	4.28128 
-541.651     	3.17188 
-696.543     	138.378 
-771.69     	65.5748 
-778.879     	566.101 
-1219.77     	637.879 
-1348.71     	283.836 
-1368.05     	1.64712 
20390 
319.746     	4.28128 
-543.074     	3.0213 
-696.681     	138.418 
-772.295     	65.8056 
-779.011     	566.039 
-1219.79     	639.232 
-1348.61     	283.856 
-1367.49     	1.64712 
20400 
308.637     	4.28128 
-544.587     	2.97438 
-696.766     	138.316 
-772.969     	65.8043 
-779.029     	566.001 
-1219.52     	639.172 
-1348.46     	283.82 
-1367.53     	1.64712 
20410 
301.973     	4.28128 
-545.675     	2.94383 
-697.056     	138.13 
-773.576     	66.2777 
-779.09     	565.919 
-1219.6     	639.699 
-1348.61     	284.67 
-1367.49     	1.64712 
20420 
398.662     	4.28128 
-546.883     	2.87319 
-701.023     	140.525 
-774.069     	65.8141 
-779.61     	567.419 
-1221.7     	639.372 
-1349.67     	292.498 
-1370.19     	1.64712 
20430 
468.521     	4.28128 
-547.391     	2.86165 
-703.031     	140.177 
-774.783     	65.6613 
-779.952     	567.382 
-1220.28     	639.123 
-1354.74     	293.522 
-1370.02     	1.64712 
20440 
565.985     	4.28128 
-548.895     	2.84455 
-703.039     	139.982 
-775.393     	65.7704 
-780.232     	567.796 
-1219.81     	637.895 
-1351.37     	297.359 
-1370.03     	1.64712 
20450 
566.913     	4.28128 
-550.084     	2.78337 
-703.465     	139.658 
-776.206     	65.5668 
-780.377     	565.828 
-1221.99     	637.656 
-1348.66     	297.012 
-1374.59     	1.64712 
20460 
659.845     	4.28128 
-548.644     	2.73576 
-707.061     	137.991 
-776.599     	65.804 
-780.877     	566.375 
-1223.1     	636.524 
-1350.4     	294.231 
-1375.94     	1.64712 
20470 
745.059     	4.28128 
-554.205     	2.72776 
-703.878     	141.92 
-777.133     	65.9249 
-782.988     	565.905 
-1223.03     	641.516 
-1349.17     	307.438 
-1375.84     	1.64712 
20480 
731.976     	4.28128 
-555.417     	2.69701 
-704.146     	141.419 
-777.805     	65.7919 
-781.738     	566.428 
-1223.01     	640.157 
-1348.45     	307.455 
-1375.63     	1.64712 
20490 
727.63     	4.28128 
-554.078     	2.69749 
-710.327     	141.793 
-778.365     	66.9015 
-780.692     	565.479 
-1225.94     	635.32 
-1353.51     	306.542 
-1377.29     	1.64712 
20500 
718.664     	4.28128 
-555.698     	2.69679 
-709.582     	140.571 
-779.065     	66.7928 
-781.041     	568.535 
-1225.65     	636.193 
-1353.32     	306.61 
-1377.15     	1.64712 
20510 
713.333     	4.28128 
-557.181     	2.69619 
-708.147     	138.916 
-779.567     	66.2143 
-783.355     	569.228 
-1225.26     	636.492 
-1352.76     	306.35 
-1379.02     	1.64712 
20520 
705.046     	4.28128 
-558.732     	2.68595 
-708.186     	138.858 
-780.25     	68.14 
-782.834     	570.502 
-1224.22     	642.664 
-1352.46     	323.006 
-1378.93     	1.64712 
20530 
696.842     	4.28128 
-559.398     	2.68764 
-710.287     	138.874 
-780.791     	67.7266 
-784.088     	571.074 
-1224.48     	641.848 
-1352.18     	319.254 
-1379.62     	1.64712 
20540 
694.879     	4.28128 
-560.99     	2.69223 
-710.36     	138.844 
-781.424     	66.9227 
-784.275     	571.376 
-1219.47     	641.538 
-1354.97     	318.564 
-1379.71     	1.64712 
20550 
693.827     	4.28128 
-562.571     	2.68937 
-710.493     	138.89 
-781.853     	66.514 
-784.485     	571.929 
-1219.53     	642.768 
-1354.36     	320.166 
-1379.25     	1.64712 
20560 
663.899     	4.28128 
-564.532     	2.69852 
-711.578     	140.572 
-782.629     	68.7751 
-785.26     	572.134 
-1221.98     	642.607 
-1355.79     	332.312 
-1378.73     	1.64712 
20570 
670.447     	4.28128 
-565.818     	2.7265 
-712.657     	140.902 
-783.258     	67.1395 
-784.668     	572.413 
-1223.27     	641.439 
-1356.84     	330.819 
-1379.78     	1.64712 
20580 
653.896     	4.28128 
-567.318     	2.71421 
-712.136     	140.162 
-783.375     	67.0234 
-784.925     	572.203 
-1223.63     	642.019 
-1356.73     	329.815 
-1379.42     	1.64712 
20590 
637.164     	4.28128 
-568.923     	2.71422 
-712.135     	140.161 
-784.484     	66.6293 
-784.915     	572.1 
-1223.7     	642.011 
-1356.69     	330.011 
-1379.42     	1.64712 
20600 
635.061     	4.28128 
-571.587     	2.70608 
-712.095     	142.561 
-785.065     	66.6397 
-785.291     	573.645 
-1223.71     	644.576 
-1355.93     	340.277 
-1381.41     	1.64712 
20610 
633.576     	4.28128 
-572.769     	2.70425 
-712.174     	142.468 
-785.343     	66.6283 
-785.32     	573.642 
-1223.75     	644.58 
-1358.74     	339.376 
-1381.42     	1.64712 
20620 
633.206     	4.28128 
-573.684     	2.70431 
-715.468     	143.427 
-783.703     	62.3862 
-785.502     	573.397 
-1223.29     	644.073 
-1357.74     	334.196 
-1381.41     	1.64712 
20630 
633.218     	4.28128 
-574.617     	2.70426 
-715.678     	142.509 
-786.93     	63.0024 
-785.7     	481.128 
-1223.36     	643.96 
-1357.79     	330.206 
-1382.45     	1.64712 
20640 
630.87     	4.28128 
-575.292     	2.70448 
-718.085     	142.466 
-786.912     	62.2015 
-796.544     	488.776 
-1220.38     	664.871 
-1358.46     	330.198 
-1382.46     	1.64712 
20650 
730.459     	4.28128 
-576.461     	2.65331 
-717.223     	142.112 
-787.264     	62.1481 
-798.704     	491.475 
-1221.99     	663.148 
-1359.36     	330.866 
-1383.47     	1.64712 
20660 
729.719     	4.28128 
-576.511     	2.65303 
-717.224     	141.939 
-785.25     	66.9941 
-798.705     	491.426 
-1221.71     	663.147 
-1358.95     	330.86 
-1383.47     	1.64712 
20670 
768.944     	4.28128 
-578.359     	2.65344 
-716.897     	140.093 
-785.825     	62.1915 
-800.038     	492.122 
-1222.96     	661.784 
-1363.31     	332.721 
-1383.47     	1.64712 
20680 
761.403     	4.28128 
-581.11     	2.65189 
-717.563     	140.807 
-786.485     	62.1392 
-800.068     	492.749 
-1223.08     	662.438 
-1362.36     	331.658 
-1384.14     	1.64712 
20690 
758.217     	4.28128 
-582.52     	2.65152 
-719.373     	142.244 
-787.129     	62.0623 
-800.163     	492.868 
-1223.19     	662.413 
-1362.32     	331.133 
-1386.56     	1.64712 
20700 
750.049     	4.28128 
-583.845     	2.65131 
-719.574     	142.038 
-787.782     	62.0679 
-800.189     	492.899 
-1221.43     	660.635 
-1362.25     	330.747 
-1386.57     	1.64712 
20710 
749.966     	4.28128 
-585.416     	2.63746 
-720.23     	142.667 
-788.067     	62.0673 
-814.537     	502.954 
-1218.82     	660.67 
-1356.87     	358.447 
-1389.58     	1.64712 
20720 
838.595     	4.28128 
-586.233     	2.59998 
-722.065     	143.63 
-787.38     	63.7352 
-814.262     	504.891 
-1220.72     	658.921 
-1357.17     	357.788 
-1393.72     	1.64712 
20730 
839.867     	4.28128 
-588.153     	2.59947 
-722.078     	143.598 
-789.046     	62.4971 
-814.296     	504.894 
-1220.57     	658.913 
-1357.11     	357.608 
-1393.72     	1.64712 
20740 
847.022     	4.28128 
-588.153     	2.59904 
-721.966     	142.68 
-789.198     	62.5 
-814.621     	504.545 
-1219.78     	658.867 
-1364.57     	356.724 
-1393.32     	1.64712 
20750 
895.936     	4.28128 
-589.055     	2.58664 
-722.138     	142.302 
-789.813     	62.1374 
-814.803     	504.525 
-1220.32     	659.719 
-1363.5     	349.843 
-1393.99     	1.64712 
20760 
892.15     	4.28128 
-592.212     	2.58656 
-722.149     	142.288 
-789.872     	62.1181 
-814.814     	506.841 
-1228.4     	659.741 
-1363.07     	349.746 
-1393.87     	1.64712 
20770 
883.802     	4.28128 
-596.029     	2.58092 
-719.252     	145.5 
-789.991     	62.1181 
-814.906     	506.685 
-1228.46     	659.741 
-1363.07     	349.742 
-1393.77     	1.64712 
20780 
875.498     	4.28128 
-596.714     	2.62703 
-721.842     	145.754 
-792.754     	63.0607 
-815.564     	505.416 
-1225.4     	661.411 
-1363.59     	348.123 
-1397.82     	1.64712 
20790 
857.589     	4.28128 
-598.031     	2.60403 
-722.179     	145.576 
-794.279     	62.2105 
-815.988     	505.654 
-1225.33     	661.862 
-1364.85     	347.346 
-1397.11     	1.64712 
20800 
841.16     	4.28128 
-599.537     	2.604 
-722.176     	145.548 
-794.356     	62.1344 
-816.204     	506.257 
-1226.81     	661.948 
-1365.28     	343.737 
-1396.56     	1.64712 
20810 
836.472     	4.28128 
-600.974     	2.60347 
-722.301     	145.544 
-794.931     	62.4867 
-815.157     	505.817 
-1227.04     	663.475 
-1368.92     	343.92 
-1397.37     	1.64712 
20820 
818.998     	4.28128 
-602.19     	2.60129 
-723.45     	146.035 
-795.136     	62.125 
-815.184     	505.78 
-1227.08     	662.743 
-1368.8     	343.207 
-1396.32     	1.64712 
20830 
803.533     	4.28128 
-603.252     	2.59682 
-724.983     	146.202 
-794.541     	62.0983 
-815.394     	506.536 
-1226.79     	662.432 
-1368.75     	349.965 
-1396.38     	1.64712 
20840 
807.698     	4.28128 
-605.228     	2.59667 
-727.247     	150.557 
-795.045     	64.7071 
-816.645     	507.831 
-1228.09     	663.78 
-1367.63     	349.047 
-1401.63     	1.64712 
20850 
800.621     	4.28128 
-605.873     	2.59968 
-727.871     	148.538 
-795.211     	64.6936 
-818.224     	508.749 
-1228.02     	663.233 
-1367.29     	348.609 
-1402.54     	1.64712 
20860 
789.278     	4.28128 
-606.856     	2.60461 
-727.952     	146.696 
-796.581     	63.4395 
-816.568     	507.681 
-1231.76     	665.553 
-1370.17     	349.639 
-1402.77     	1.64712 
20870 
782.112     	4.28128 
-608.329     	2.60463 
-727.991     	146.68 
-797.245     	62.5923 
-816.619     	507.679 
-1229.46     	665.511 
-1369.62     	349.289 
-1402.39     	1.64712 
20880 
779.235     	4.28128 
-609.995     	2.60576 
-728.204     	147.476 
-797.952     	63.4879 
-816.711     	507.136 
-1230.92     	664.52 
-1371.06     	347.351 
-1404.07     	1.64712 
20890 
854.466     	4.28128 
-611.38     	2.6057 
-728.452     	147.4 
-797.965     	62.1154 
-816.71     	506.854 
-1231.04     	665.075 
-1371.01     	347.362 
-1403.88     	1.64712 
20900 
854.119     	4.28128 
-612.65     	2.57227 
-728.744     	147.068 
-798.096     	62.1534 
-816.805     	507.884 
-1233.82     	665.94 
-1369.6     	345.773 
-1404.34     	1.64712 
20910 
847.787     	4.28128 
-614.576     	2.57228 
-729.229     	149.367 
-799.315     	64.1423 
-816.334     	508.329 
-1233.3     	666.426 
-1374.87     	346.751 
-1404.11     	1.64712 
20920 
845.403     	4.28128 
-615.926     	2.57287 
-729.296     	148.992 
-800.139     	64.3374 
-816.452     	508.363 
-1232.95     	666.327 
-1374.13     	346.798 
-1403.71     	1.64712 
20930 
836.721     	4.28128 
-617.231     	2.57303 
-729.649     	148.774 
-800.969     	64.2396 
-816.544     	508.547 
-1232.89     	666.45 
-1373.97     	349.373 
-1403.87     	1.64712 
20940 
736.848     	4.28128 
-618.636     	2.61893 
-729.826     	148.711 
-802.063     	63.9182 
-816.992     	507.929 
-1233.33     	666.095 
-1373.51     	349.193 
-1404.27     	1.64712 
20950 
737.069     	4.28128 
-619.745     	2.61867 
-729.936     	148.733 
-802.377     	62.4138 
-817.08     	507.886 
-1233.43     	667.718 
-1376.87     	350.337 
-1407.3     	1.64712 
20960 
734.471     	4.28128 
-620.818     	2.61712 
-730.834     	150.633 
-803.285     	62.1139 
-816.867     	508.51 
-1235.74     	666.968 
-1374.76     	355.475 
-1409.72     	1.64712 
20970 
731.912     	4.28128 
-621.462     	2.61703 
-731.526     	150.37 
-803.475     	62.1128 
-818.434     	510.667 
-1235.44     	666.812 
-1374.58     	355.377 
-1410.02     	1.64712 
20980 
731.844     	4.28128 
-621.462     	2.61671 
-734.458     	150.427 
-804.179     	63.8518 
-818.88     	510.372 
-1235.45     	666.823 
-1374.6     	372.121 
-1409.72     	1.64712 
20990 
673.079     	4.28128 
-622.137     	2.65595 
-734.965     	149.784 
-805.032     	62.5435 
-818.856     	510.705 
-1235.79     	666.967 
-1374.48     	372.098 
-1410.77     	1.64712 
21000 
665.554     	4.28128 
-622.969     	2.64709 
-735.098     	149.687 
-805.665     	62.1305 
-819.248     	510.674 
-1236.1     	667.02 
-1374.33     	370.506 
-1410.74     	1.64712 
