18000 
-391.861     	0.854506 
-722.078     	481.653 
-1087.21     	564.789 
-1202.92     	224.869 
-1224.97     	2.8492 
18010 
-459.797     	0.854506 
-821.647     	496.453 
-1083.39     	568.269 
-1200.38     	240.138 
-1217.31     	2.8492 
18020 
-492.121     	0.854506 
-778.268     	505.667 
-1081.4     	561.169 
-1192.74     	271.851 
-1215.45     	2.8492 
18030 
-492.309     	0.854506 
-778.242     	505.545 
-1082.75     	563.116 
-1192.73     	272.119 
-1218.42     	2.8492 
18040 
-493.791     	0.854506 
-776.995     	503.552 
-1080.11     	565.722 
-1189.46     	304.41 
-1219.21     	2.8492 
18050 
-493.875     	0.854506 
-777.929     	504.968 
-1082.11     	563.793 
-1190.02     	302.351 
-1221.61     	2.8492 
18060 
-494.715     	0.854506 
-773.134     	507.599 
-1081.91     	561.557 
-1189.72     	302.167 
-1220.66     	2.8492 
18070 
-495.361     	0.854506 
-773.507     	496.991 
-1080.15     	570.396 
-1191.62     	304.757 
-1220.7     	2.8492 
18080 
-497.408     	0.854506 
-768.449     	498.881 
-1082.31     	564.843 
-1194.15     	281.821 
-1220     	2.8492 
18090 
-498.468     	0.854506 
-764.983     	501.009 
-1082.42     	564.694 
-1198.52     	281.983 
-1220.5     	2.8492 
18100 
-499.07     	0.854506 
-731.62     	506.728 
-1091.6     	557.384 
-1200.12     	282.09 
-1219.05     	2.8492 
18110 
-499.122     	0.854506 
-718.486     	485.336 
-1086.11     	565.811 
-1195.37     	278.647 
-1225.71     	2.8492 
18120 
-502.979     	0.854506 
-717.829     	484.811 
-1084.48     	566.122 
-1195.41     	285.15 
-1224.53     	2.8492 
18130 
-503.755     	0.854506 
-718.321     	485.727 
-1085.22     	565.509 
-1195.41     	306.218 
-1224.44     	2.8492 
18140 
-499.024     	0.854506 
-773.17     	434.796 
-1081.69     	578.96 
-1196.01     	305.428 
-1223.38     	2.8492 
18150 
-499.341     	0.854506 
-773.224     	434.703 
-1081.15     	581.268 
-1195.51     	306.536 
-1228.14     	2.8492 
18160 
-500.881     	0.854506 
-773.28     	434.716 
-1080.21     	582.127 
-1196.27     	304.238 
-1227.29     	2.8492 
18170 
-502.454     	0.854506 
-751.646     	424.157 
-1078.34     	583.1 
-1198.29     	307.537 
-1225.37     	2.8492 
18180 
-503.203     	0.854506 
-751.489     	424.236 
-1078.02     	583.13 
-1198.28     	307.535 
-1225.39     	2.8492 
18190 
-503.987     	0.854506 
-749.464     	424.229 
-1079.49     	580.295 
-1199.42     	309.084 
-1228.51     	2.8492 
18200 
-504.734     	0.854506 
-749.425     	424.39 
-1079.46     	580.379 
-1199.2     	308.387 
-1228.03     	2.8492 
18210 
-505.489     	0.854506 
-748.925     	424.443 
-1079.86     	580.166 
-1199.77     	313.759 
-1229.88     	2.8492 
18220 
-506.235     	0.854506 
-748.931     	424.45 
-1079.86     	581.047 
-1199.73     	303.402 
-1232.92     	2.8492 
18230 
-507.707     	0.854506 
-748.82     	424.6 
-1079.9     	580.886 
-1199.68     	316.394 
-1232.07     	2.8492 
18240 
-507.763     	0.854506 
-746.746     	424.104 
-1080.88     	580.327 
-1200.1     	316.722 
-1233.94     	2.8492 
18250 
-508.484     	0.854506 
-746.638     	424.2 
-1080.66     	580.477 
-1200.07     	328.343 
-1233.95     	2.8492 
18260 
-510.2     	0.854506 
-746.917     	424.166 
-1078.39     	580.951 
-1200.07     	328.351 
-1233.95     	2.8492 
18270 
-510.476     	0.854506 
-746.779     	424.27 
-1078.36     	581.082 
-1199.99     	327.807 
-1234     	2.8492 
18280 
-510.546     	0.854506 
-746.771     	424.517 
-1078.34     	580.808 
-1203.6     	320.588 
-1234.89     	2.8492 
18290 
-511.32     	0.854506 
-746.558     	424.642 
-1078.35     	580.808 
-1203.47     	321.053 
-1234.75     	2.8492 
18300 
-513.725     	0.854506 
-745.275     	424.997 
-1086.04     	581.377 
-1203.66     	307.043 
-1239.35     	2.8492 
18310 
-513.692     	0.854506 
-745.276     	425.111 
-1086.22     	581.86 
-1203.61     	306.988 
-1238.9     	2.8492 
18320 
-513.354     	0.854506 
-745.226     	425.439 
-1088.75     	582.456 
-1206.61     	307.788 
-1238.98     	2.8492 
18330 
-516.107     	0.854506 
-745.828     	425.72 
-1088.73     	583.285 
-1201.15     	324.36 
-1247.62     	2.8492 
18340 
-516.895     	0.854506 
-745.828     	425.913 
-1089.31     	583.627 
-1201.45     	324.601 
-1247.75     	2.8492 
18350 
-517.715     	0.854506 
-745.771     	426.037 
-1089.24     	583.839 
-1201.31     	324.241 
-1247.38     	2.8492 
18360 
-518.52     	0.854506 
-745.7     	426.156 
-1089.11     	584.019 
-1201.52     	324.181 
-1247.33     	2.8492 
18370 
-519.292     	0.854506 
-746.194     	426.493 
-1088.82     	584.29 
-1203.63     	329.146 
-1248.45     	2.8492 
18380 
-520.085     	0.854506 
-746.35     	426.663 
-1088.85     	584.727 
-1204.26     	329.673 
-1248.92     	2.8492 
18390 
-520.887     	0.854506 
-746.297     	426.789 
-1088.75     	584.947 
-1203.88     	328.477 
-1248.58     	2.8492 
18400 
-521.683     	0.854506 
-746.298     	426.789 
-1088.74     	585.76 
-1207.81     	333.785 
-1244.47     	2.8492 
18410 
-522.467     	0.854506 
-746.502     	426.843 
-1088.02     	586.384 
-1210.39     	333.71 
-1243.64     	2.8492 
18420 
-523.27     	0.854506 
-746.386     	426.897 
-1087.12     	586.356 
-1210.25     	333.283 
-1243.69     	2.8492 
18430 
-524.073     	0.854506 
-746.364     	427.071 
-1087.11     	586.426 
-1210.43     	333.211 
-1243.71     	2.8492 
18440 
-524.844     	0.854506 
-746.405     	427.274 
-1087.02     	586.507 
-1209.49     	333.126 
-1249.07     	2.8492 
18450 
-525.681     	0.854506 
-746.271     	427.431 
-1087.02     	586.474 
-1215.06     	333.101 
-1248.55     	2.8492 
18460 
-526.416     	0.854506 
-747.482     	428.234 
-1091.15     	588.298 
-1213.64     	333.028 
-1247.8     	2.8492 
18470 
-527.191     	0.854506 
-747.371     	428.349 
-1091     	588.398 
-1213.42     	331.496 
-1247.51     	2.8492 
18480 
-527.932     	0.854506 
-747.326     	428.462 
-1091.24     	588.801 
-1213.31     	330.967 
-1247.45     	2.8492 
18490 
-528.815     	0.854506 
-747.344     	428.569 
-1091.2     	589.203 
-1212.82     	329.371 
-1249.64     	2.8492 
18500 
-529.35     	0.854506 
-747.437     	428.811 
-1091.24     	589.266 
-1212.73     	329.101 
-1255.38     	2.8492 
18510 
-530.081     	0.854506 
-747.301     	428.895 
-1093.39     	590.507 
-1212.5     	343.958 
-1255.04     	2.8492 
18520 
-530.802     	0.854506 
-747.272     	429.069 
-1093.35     	590.574 
-1212.52     	343.606 
-1255.04     	2.8492 
18530 
-531.512     	0.854506 
-747.301     	429.207 
-1093.36     	590.906 
-1212.18     	343.144 
-1254.2     	2.8492 
18540 
-532.235     	0.854506 
-747.252     	429.325 
-1093.12     	591.04 
-1212.18     	343.172 
-1254.2     	2.8492 
18550 
-532.811     	0.854506 
-748.002     	430.97 
-1095.87     	588.335 
-1215.51     	339.575 
-1257.15     	2.8492 
18560 
-533.623     	0.854506 
-748.309     	431.142 
-1095.88     	589.04 
-1215.09     	338.003 
-1256.98     	2.8492 
18570 
-534.336     	0.854506 
-748.341     	431.307 
-1095.9     	589.301 
-1214.8     	337.724 
-1256.16     	2.8492 
18580 
-535.978     	0.854506 
-748.484     	431.454 
-1096.57     	590.085 
-1221.98     	323.859 
-1255.57     	2.8492 
18590 
-536.759     	0.854506 
-748.707     	431.526 
-1096.76     	591.083 
-1221.89     	322.431 
-1255.14     	2.8492 
18600 
-534.429     	0.854506 
-753.805     	433.005 
-1098.47     	596.012 
-1223.73     	321.324 
-1256.82     	2.8492 
18610 
-535.186     	0.854506 
-753.624     	433.112 
-1098.82     	596.23 
-1223.39     	319.706 
-1256.48     	2.8492 
18620 
-538.864     	0.854506 
-753.644     	433.334 
-1098.97     	596.284 
-1223.3     	319.811 
-1256.4     	2.8492 
18630 
-539.672     	0.854506 
-753.625     	433.494 
-1099.36     	596.621 
-1224.06     	320.333 
-1259.12     	2.8492 
18640 
-540.444     	0.854506 
-753.375     	433.713 
-1100.33     	596.559 
-1223.81     	321.702 
-1258.39     	2.8492 
18650 
-540.038     	0.854506 
-754.608     	434.635 
-1101.98     	596.856 
-1226.42     	318.796 
-1259.43     	2.8492 
18660 
-542.056     	0.854506 
-754.395     	435.353 
-1103.75     	595.362 
-1228.67     	320.774 
-1260.43     	2.8492 
18670 
-541.693     	0.854506 
-754.307     	435.456 
-1103.43     	595.484 
-1229     	320.753 
-1261.15     	2.8492 
18680 
-542.476     	0.854506 
-754.182     	435.595 
-1103.71     	595.683 
-1228.48     	319.642 
-1260.94     	2.8492 
18690 
-544.46     	0.854506 
-754.075     	435.743 
-1104.3     	595.955 
-1227.98     	319.494 
-1264.74     	2.8492 
18700 
-545.26     	0.854506 
-753.994     	435.867 
-1104.36     	596.252 
-1228.22     	319.494 
-1264.74     	2.8492 
18710 
-546.201     	0.854506 
-751.227     	435.219 
-1107.68     	596.314 
-1230.67     	322.306 
-1264.03     	2.8492 
18720 
-546.338     	0.854506 
-751.28     	435.34 
-1107.77     	596.806 
-1230.66     	321.85 
-1264.02     	2.8492 
18730 
-547.043     	0.854506 
-751.386     	435.555 
-1107.77     	596.989 
-1230.63     	337.583 
-1263.66     	2.8492 
18740 
-548.493     	0.854506 
-752.75     	436.027 
-1105.76     	597.396 
-1231.48     	333.786 
-1263.84     	2.8492 
18750 
-549.237     	0.854506 
-752.847     	436.192 
-1105.64     	597.69 
-1230.87     	331.845 
-1264.88     	2.8492 
18760 
-550.09     	0.854506 
-752.726     	436.342 
-1105.61     	597.72 
-1230.8     	333.166 
-1264.97     	2.8492 
18770 
-549.641     	0.854506 
-752.277     	436.109 
-1107.29     	599.355 
-1232.93     	329.425 
-1269.04     	2.8492 
18780 
-551.583     	0.854506 
-754.155     	437.332 
-1107.66     	599.008 
-1231.83     	333.033 
-1269.96     	2.8492 
18790 
-552.286     	0.854506 
-754.706     	437.488 
-1108.34     	600.446 
-1233.87     	341.409 
-1267.43     	2.8492 
18800 
-552.883     	0.854506 
-755.249     	437.791 
-1106.99     	600.353 
-1235.01     	342.138 
-1266.86     	2.8492 
18810 
-553.7     	0.854506 
-755.256     	437.96 
-1106.84     	600.514 
-1235     	342.145 
-1267.27     	2.8492 
18820 
-554.409     	0.854506 
-755.181     	438.056 
-1107.17     	600.966 
-1234.49     	339.173 
-1267.83     	2.8492 
18830 
-555.122     	0.854506 
-754.669     	438.082 
-1107.26     	600.851 
-1230.64     	359.039 
-1276.87     	2.8492 
18840 
-555.832     	0.854506 
-754.642     	438.224 
-1107.29     	601.079 
-1230.65     	358.815 
-1276.7     	2.8492 
18850 
-556.539     	0.854506 
-755.064     	438.873 
-1110.26     	601.28 
-1229.23     	351.67 
-1276.33     	2.8492 
18860 
-556.9     	0.854506 
-754.915     	439.062 
-1110.55     	601.619 
-1229.27     	350.95 
-1282.37     	2.8492 
18870 
-558.554     	0.854506 
-756.608     	439.511 
-1110.62     	603.567 
-1231.71     	348.554 
-1277.73     	2.8492 
18880 
-558.57     	0.854506 
-755.942     	439.933 
-1113.87     	603.245 
-1236.6     	342.566 
-1279.01     	2.8492 
18890 
-559.365     	0.854506 
-756.348     	440.072 
-1113.2     	603.889 
-1236.56     	341.929 
-1278.96     	2.8492 
18900 
-560.073     	0.854506 
-756.236     	440.116 
-1113.99     	604.684 
-1240.44     	332.155 
-1278.42     	2.8492 
18910 
-560.777     	0.854506 
-757.268     	441.097 
-1119.09     	605.982 
-1240.34     	332.43 
-1278.33     	2.8492 
18920 
-562.539     	0.854506 
-757.585     	441.384 
-1118.59     	606.037 
-1240.93     	332.333 
-1280.71     	2.8492 
18930 
-562.182     	0.854506 
-759.425     	443.504 
-1124.5     	604.772 
-1241.35     	331.544 
-1282.06     	2.8492 
18940 
-562.763     	0.854506 
-759.934     	443.647 
-1122.71     	605.119 
-1241.33     	331.41 
-1281.78     	2.8492 
18950 
-563.551     	0.854506 
-760.885     	445.004 
-1123.31     	602.712 
-1246.33     	325.712 
-1279.54     	2.8492 
18960 
-564.298     	0.854506 
-760.875     	445.116 
-1123.32     	603.116 
-1246.36     	326.156 
-1280.87     	2.8492 
18970 
-564.981     	0.854506 
-761.766     	445.272 
-1122.69     	604.571 
-1246.35     	326.447 
-1280.71     	2.8492 
18980 
-565.705     	0.854506 
-761.986     	445.384 
-1121.93     	605.007 
-1246.33     	326.451 
-1280.66     	2.8492 
18990 
-566.012     	0.854506 
-762.572     	445.614 
-1123.28     	606.551 
-1248.95     	325.614 
-1282.17     	2.8492 
19000 
-567.12     	0.854506 
-762.475     	445.777 
-1123.25     	606.593 
-1248.94     	325.879 
-1281.48     	2.8492 
