22000 
-669.878     	4.85962 
-704.492     	59.0632 
-794.872     	167.061 
-869.453     	70.5954 
-845.176     	506.145 
-1303.14     	714.153 
-1461.48     	285.019 
-1469.71     	3.73925 
22010 
-661.807     	4.85962 
-710.434     	59.1086 
-796.201     	165.74 
-868.349     	70.8559 
-854.378     	509.947 
-1300.06     	710.432 
-1449.67     	321.733 
-1474.12     	3.73925 
22020 
-663.783     	4.85962 
-710.431     	58.3248 
-796.386     	166.317 
-868.93     	69.3927 
-854.381     	510.386 
-1299.52     	710.318 
-1449.66     	332.59 
-1474.12     	3.73925 
22030 
-664.874     	4.85962 
-710.796     	57.6893 
-796.915     	166.569 
-869.593     	68.7052 
-854.564     	511.103 
-1299.42     	710.411 
-1449.74     	332.134 
-1474.2     	3.73925 
22040 
-665.977     	4.85962 
-711.174     	57.0702 
-798.487     	165.268 
-870.14     	68.4598 
-856.065     	513.348 
-1299.25     	710.51 
-1449.69     	332.051 
-1474.16     	3.73925 
22050 
-666.805     	4.85962 
-711.097     	55.8054 
-800.564     	165.705 
-870.656     	66.573 
-856.483     	513.699 
-1299.19     	713.182 
-1449.06     	332.025 
-1474.91     	3.73925 
22060 
-670.331     	4.85962 
-710.865     	55.5244 
-800.677     	166.709 
-871.4     	64.8269 
-856.65     	513.5 
-1299.19     	713.189 
-1450.13     	332.045 
-1475.24     	3.73925 
22070 
-670.397     	4.85962 
-712.212     	55.5504 
-803.975     	169.339 
-872.023     	64.3736 
-856.188     	513.725 
-1299.08     	713.246 
-1444.12     	353.33 
-1482.42     	3.73925 
22080 
-670.413     	4.85962 
-713.443     	55.4426 
-800.488     	166.191 
-872.601     	64.3646 
-856.76     	514.044 
-1301.09     	718.649 
-1444.22     	349.163 
-1482.51     	3.73925 
22090 
-677.079     	4.85962 
-704.581     	44.8472 
-805.201     	167.006 
-872.775     	75.6126 
-857.116     	513.752 
-1302.55     	718.72 
-1451.87     	351.736 
-1483.2     	3.73925 
22100 
-680.052     	4.85962 
-705.005     	44.8503 
-806.069     	167.317 
-875.079     	83.6433 
-857.274     	513.443 
-1302.56     	718.711 
-1451.86     	351.698 
-1480.93     	3.73925 
22110 
-681.466     	4.85962 
-704.922     	43.3713 
-805.911     	165.43 
-875.331     	81.6258 
-857.598     	513.345 
-1302.25     	717.986 
-1451.33     	349.156 
-1480.67     	3.73925 
22120 
-682.389     	4.85962 
-704.924     	42.1034 
-804.783     	165.949 
-875.938     	80.7098 
-857.677     	514.968 
-1302.94     	717.579 
-1451.16     	348.816 
-1480.66     	3.73925 
22130 
-682.393     	4.85962 
-705.077     	40.3577 
-807.53     	165.549 
-876.045     	81.0731 
-863.78     	516.461 
-1303.8     	713.863 
-1451.96     	346.847 
-1483.05     	3.73925 
22140 
-684.105     	4.85962 
-705.44     	39.7106 
-805.617     	166.162 
-876.773     	80.0674 
-859.887     	516.627 
-1303.94     	713.609 
-1451.71     	346.519 
-1483.01     	3.73925 
22150 
-684.963     	4.85962 
-704.775     	37.026 
-807.049     	166.844 
-878.893     	72.637 
-859.925     	516.718 
-1303.54     	713.707 
-1455.08     	346.315 
-1483.03     	3.73925 
22160 
-685.762     	4.85962 
-705.234     	36.2766 
-807.177     	166.953 
-878.676     	69.9262 
-859.965     	516.928 
-1303.57     	714.336 
-1455.08     	346.305 
-1483.06     	3.73925 
22170 
-686.548     	4.85962 
-706.224     	36.3235 
-808.534     	167.645 
-879.416     	68.7028 
-860.763     	516.458 
-1304.33     	716.129 
-1454.69     	346.595 
-1483.15     	3.73925 
22180 
-687.528     	4.85962 
-707.211     	36.2976 
-808.903     	167.581 
-879.945     	70.1576 
-861.272     	517.688 
-1304.46     	715.685 
-1454.52     	346.462 
-1483.95     	3.73925 
22190 
-688.392     	4.85962 
-708.207     	36.2964 
-808.903     	167.581 
-879.949     	70.1551 
-861.401     	517.536 
-1304.65     	721.553 
-1454.51     	357.664 
-1483.89     	3.73925 
22200 
-661.621     	4.85962 
-709.111     	36.1842 
-809.488     	168.033 
-879.835     	70.1468 
-861.406     	517.752 
-1304.48     	721.45 
-1454.16     	357.196 
-1487.88     	3.73925 
22210 
-656.079     	4.85962 
-691.801     	12.5147 
-813.381     	170.254 
-881.567     	81.9697 
-860.145     	517.429 
-1306.51     	719.683 
-1457.34     	355.631 
-1489.21     	3.73925 
22220 
-662.971     	4.85962 
-692.769     	11.3679 
-810.108     	170.077 
-881.827     	81.5618 
-860.104     	517.416 
-1306.6     	719.895 
-1457.11     	355.389 
-1489.01     	3.73925 
22230 
-669.837     	4.85962 
-693.722     	11.1397 
-810.377     	170.088 
-882.958     	79.5394 
-860.108     	517.542 
-1306.61     	719.896 
-1456.88     	355.468 
-1488.9     	3.73925 
22240 
-581.437     	4.85962 
-692.638     	8.49919 
-811.451     	169.557 
-883.352     	84.5 
-859.971     	517.285 
-1306.98     	720.953 
-1456.83     	361.052 
-1492.91     	3.73925 
22250 
-589.393     	4.85962 
-693.659     	8.33622 
-811.572     	169.415 
-884.005     	83.4401 
-860.234     	517.488 
-1307.06     	720.743 
-1456.78     	360.476 
-1492.91     	3.73925 
22260 
-595.498     	4.85962 
-693.503     	6.79585 
-812.132     	168.863 
-884.906     	81.6084 
-860.765     	518.077 
-1307.28     	720.932 
-1456.92     	359.124 
-1492.47     	3.73925 
22270 
-601.353     	4.85962 
-693.075     	5.67426 
-814.325     	167.55 
-884.809     	80.5421 
-862.539     	519.016 
-1307.91     	720.703 
-1454.47     	366.333 
-1492.41     	3.73925 
22280 
-559.049     	4.85962 
-693.503     	5.63181 
-816.151     	169.346 
-884.968     	79.4903 
-865.341     	520.563 
-1310.05     	718.054 
-1455.98     	376.278 
-1495.6     	3.73925 
22290 
-566.643     	4.85962 
-693.377     	5.63275 
-816.548     	168.59 
-885.624     	77.7915 
-864.816     	521.012 
-1310.02     	718.34 
-1455.6     	375.503 
-1495.37     	3.73925 
22300 
-572.744     	4.85962 
-693.363     	5.6343 
-816.567     	168.575 
-885.54     	77.0239 
-865.028     	521.248 
-1309.99     	718.358 
-1455.58     	375.494 
-1495.31     	3.73925 
22310 
-478.129     	4.85962 
-698.216     	5.61054 
-817.289     	173.42 
-887.318     	84.8932 
-865.204     	521.33 
-1313.37     	723.754 
-1460.38     	375.64 
-1496.37     	3.73925 
22320 
-486.126     	4.85962 
-697.898     	4.92793 
-817.96     	168.618 
-889.228     	83.7454 
-865.58     	521.242 
-1313.12     	722.843 
-1459.91     	375.769 
-1496.17     	3.73925 
22330 
-495.777     	4.85962 
-697.814     	4.70736 
-818.283     	168.257 
-889.89     	82.884 
-865.6     	521.413 
-1312.87     	722.715 
-1459.64     	374.932 
-1496.03     	3.73925 
22340 
-496.776     	4.85962 
-700.071     	4.70569 
-818.383     	168.664 
-893.022     	78.4699 
-865.629     	522.106 
-1315.58     	721.367 
-1461.77     	376.997 
-1499.34     	3.73925 
22350 
-417.43     	4.85962 
-701.886     	4.70569 
-818.279     	171.823 
-892.999     	78.9782 
-865.571     	522.232 
-1315.54     	721.367 
-1461.86     	377.058 
-1498.73     	3.73925 
22360 
-350.305     	4.85962 
-702.624     	4.9559 
-819.935     	170.547 
-894.396     	78.5745 
-865.604     	522.262 
-1315.38     	721.524 
-1462.37     	374.211 
-1499.27     	3.73925 
22370 
-296.529     	4.85962 
-702.451     	4.95233 
-821.417     	170.297 
-895.058     	77.6866 
-865.857     	522.318 
-1314.86     	721.571 
-1462.03     	372.617 
-1499.4     	3.73925 
22380 
-312.343     	4.85962 
-704.297     	4.54939 
-821.851     	170.657 
-895.82     	76.0222 
-866.139     	522.603 
-1314.86     	721.571 
-1462.26     	372.579 
-1499.27     	3.73925 
22390 
-240.159     	4.85962 
-705.291     	4.56179 
-822.166     	171.075 
-897.658     	75.9973 
-867.293     	523.364 
-1316.88     	723.057 
-1463.02     	371.044 
-1502.15     	3.73925 
22400 
-254.866     	4.85962 
-706.189     	4.56685 
-822.646     	170.395 
-897.687     	75.376 
-867.622     	523.774 
-1317.27     	722.843 
-1462.98     	369.573 
-1502.19     	3.73925 
22410 
-262.411     	4.85962 
-706.996     	4.47691 
-823.554     	170.775 
-897.69     	73.5001 
-867.872     	523.846 
-1317.78     	722.789 
-1462.84     	369.238 
-1502.06     	3.73925 
22420 
-266.021     	4.85962 
-707.878     	4.47663 
-823.748     	170.903 
-898.281     	75.842 
-867.828     	524.267 
-1323.46     	722.812 
-1463.08     	369.254 
-1504.98     	3.73925 
22430 
-245.823     	4.85962 
-709.705     	4.44719 
-824.163     	171.196 
-898.955     	75.4539 
-867.948     	524.493 
-1322.65     	722.644 
-1462.93     	368.243 
-1505.17     	3.73925 
22440 
-174.337     	4.85962 
-709.987     	4.99392 
-826.205     	173.242 
-895.737     	80.7103 
-866.224     	522.818 
-1324.03     	724.919 
-1469.05     	367.015 
-1506.58     	3.73925 
22450 
-182.457     	4.85962 
-712.223     	5.01066 
-824.998     	171.728 
-899.951     	81.9784 
-866.224     	524.054 
-1323.9     	724.002 
-1468.13     	366.417 
-1506.76     	3.73925 
22460 
-190.031     	4.85962 
-713.604     	5.00675 
-825.259     	171.615 
-900.72     	80.3527 
-866.692     	524.411 
-1323.67     	724.216 
-1467.94     	365.999 
-1506.76     	3.73925 
22470 
-139.369     	4.85962 
-714.185     	5.01233 
-827.581     	171.18 
-900.922     	79.8344 
-869.73     	525.922 
-1324.01     	724.284 
-1467.89     	366.086 
-1506.74     	3.73925 
22480 
-141.891     	4.85962 
-715.236     	5.01866 
-828.305     	171.868 
-901.811     	78.0093 
-869.803     	526.038 
-1324.59     	725.757 
-1467.52     	365.531 
-1510.09     	3.73925 
22490 
-72.4433     	4.85962 
-716.133     	4.40715 
-827.743     	172.023 
-902.571     	82.4185 
-869.707     	525.739 
-1324.45     	732.731 
-1468.46     	377.037 
-1509.29     	3.73925 
22500 
-4.12845     	4.85962 
-717.914     	4.39147 
-827.658     	174.859 
-902.829     	81.533 
-870.684     	525.621 
-1326.2     	729.197 
-1471.64     	374.509 
-1508.59     	3.73925 
22510 
-16.3888     	4.85962 
-719.08     	4.36654 
-827.606     	174.752 
-903.247     	81.5075 
-870.671     	525.792 
-1326.02     	729.139 
-1471.64     	374.871 
-1508.59     	3.73925 
22520 
-22.8499     	4.85962 
-720.311     	4.36151 
-827.514     	174.889 
-903.948     	80.8551 
-871.233     	525.98 
-1325.02     	728.94 
-1476.2     	376.369 
-1508.48     	3.73925 
22530 
63.5098     	4.85962 
-721.262     	4.33333 
-828.194     	174.434 
-904.896     	78.2098 
-871.622     	527.104 
-1324.74     	728.229 
-1475.61     	376.26 
-1508.36     	3.73925 
22540 
58.8186     	4.85962 
-722.121     	4.30191 
-828.7     	174.323 
-905.501     	80.9165 
-870.673     	526.394 
-1324.19     	728.701 
-1477.15     	378.879 
-1509.95     	3.73925 
22550 
126.721     	4.85962 
-723.195     	4.27817 
-829.224     	173.26 
-906.017     	80.4321 
-872.262     	526.416 
-1324.22     	729.05 
-1476.41     	377.475 
-1510.63     	3.73925 
22560 
209.847     	4.85962 
-724.304     	4.25186 
-829.484     	173.181 
-905.8     	80.334 
-872.1     	527.485 
-1324.23     	729.095 
-1475.93     	377.293 
-1512.19     	3.73925 
22570 
191.305     	4.85962 
-725.126     	4.25782 
-832.59     	175.494 
-903.711     	84.8338 
-872.726     	527.856 
-1325.56     	729.241 
-1476.52     	378.017 
-1514.77     	3.73925 
22580 
214.974     	4.85962 
-725.994     	4.24987 
-832.601     	175.476 
-903.701     	84.6867 
-873.867     	527.156 
-1325.24     	730.396 
-1476.5     	378.292 
-1513.74     	3.73925 
22590 
214.919     	4.85962 
-725.995     	4.24977 
-834.532     	175.248 
-905.407     	84.7023 
-873.756     	527.516 
-1325.3     	730.408 
-1479.07     	378.307 
-1513.65     	3.73925 
22600 
214.9     	4.85962 
-725.995     	4.24978 
-834.896     	174.851 
-906.207     	82.1191 
-874.198     	528.069 
-1325.63     	730.273 
-1478.93     	376.678 
-1513.65     	3.73925 
22610 
211.98     	4.85962 
-729.295     	4.24905 
-834.673     	174.781 
-907.062     	81.9258 
-874.536     	528.472 
-1328.39     	734.258 
-1478.67     	375.882 
-1513.57     	3.73925 
22620 
255.721     	4.85962 
-730.688     	4.24905 
-834.646     	176.32 
-906.78     	85.1412 
-874.074     	529.398 
-1329     	733.876 
-1480.09     	374.376 
-1516.19     	3.73925 
22630 
255.214     	4.85962 
-731.855     	4.24907 
-834.646     	176.32 
-905.875     	80.4046 
-874.176     	529.321 
-1328.82     	733.497 
-1479.66     	373.284 
-1517.22     	3.73925 
22640 
308.325     	4.85962 
-732.982     	4.24896 
-834.881     	176.26 
-906.689     	80.3627 
-875.044     	528.314 
-1328.69     	735.526 
-1479.15     	373.294 
-1517.66     	3.73925 
22650 
292.122     	4.85962 
-734.149     	4.24716 
-834.915     	176.28 
-907.411     	78.7131 
-875.723     	528.225 
-1328.91     	735.475 
-1478.93     	373.361 
-1517.72     	3.73925 
22660 
369.214     	4.85962 
-734.913     	4.23928 
-837.161     	176.822 
-908.123     	80.3158 
-876.271     	529.731 
-1332.09     	733.493 
-1482.05     	372.745 
-1519.1     	3.73925 
22670 
456.029     	4.85962 
-735.791     	4.21832 
-838.268     	176.518 
-908.446     	80.8274 
-876.566     	530.013 
-1331.75     	733.515 
-1482.17     	373.777 
-1519.1     	3.73925 
22680 
442.656     	4.85962 
-736.803     	4.18616 
-838.555     	176.528 
-909.295     	80.9158 
-877.699     	531.576 
-1333.15     	736.151 
-1482.05     	373.779 
-1519.09     	3.73925 
22690 
477.999     	4.85962 
-738.674     	4.17852 
-837.38     	179.772 
-910.181     	86.213 
-878.404     	531.422 
-1336.71     	735.941 
-1485.22     	371.296 
-1520.6     	3.73925 
22700 
577.32     	4.85962 
-739.759     	4.16329 
-837.545     	179.492 
-911.284     	85.6705 
-878.105     	531.418 
-1336.38     	735.668 
-1484.88     	369.902 
-1520.92     	3.73925 
22710 
586.577     	4.85962 
-740.591     	4.1983 
-838.743     	178.595 
-912.887     	84.4515 
-878.365     	531.215 
-1335.92     	736.422 
-1483.85     	369.499 
-1523     	3.73925 
22720 
572.563     	4.85962 
-741.179     	4.20211 
-841.628     	178.421 
-912.914     	84.5072 
-878.399     	530.951 
-1336.53     	736.524 
-1484     	369.498 
-1522.95     	3.73925 
22730 
555.455     	4.85962 
-742.308     	4.20194 
-841.635     	178.105 
-914.194     	84.4573 
-878.4     	530.962 
-1336.54     	736.614 
-1489.38     	374.885 
-1520.53     	3.73925 
22740 
618.032     	4.85962 
-742.782     	4.18426 
-842.833     	178.22 
-915.071     	82.1632 
-876.958     	531.957 
-1334.3     	737.013 
-1490.09     	372.246 
-1520.96     	3.73925 
22750 
592.899     	4.85962 
-744.303     	4.15161 
-843.164     	178.773 
-918.016     	81.2071 
-876.143     	532.308 
-1335.55     	737.576 
-1493.12     	368.349 
-1522.94     	3.73925 
22760 
592.899     	4.85962 
-744.303     	4.15162 
-844.277     	178.739 
-918.017     	79.4714 
-876.158     	532.315 
-1335.51     	737.597 
-1492.62     	377.711 
-1523.12     	3.73925 
22770 
592.689     	4.85962 
-746.47     	4.15186 
-844.279     	178.682 
-918.023     	79.9087 
-877.288     	532.348 
-1337.11     	738.508 
-1492.52     	365.733 
-1523.15     	3.73925 
22780 
593.035     	4.85962 
-746.605     	4.15038 
-844.422     	178.596 
-919.687     	79.9818 
-877.293     	532.475 
-1337.25     	739.409 
-1492.06     	363.97 
-1523.15     	3.73925 
22790 
508.982     	4.85962 
-747.256     	4.17804 
-845.968     	180.138 
-920.849     	80.4249 
-878.38     	533.753 
-1338.99     	738.96 
-1494.86     	363.296 
-1526.46     	3.73925 
22800 
459.644     	4.85962 
-749.977     	4.17748 
-845.496     	181.135 
-920.857     	81.3326 
-879.973     	533.62 
-1342.34     	741.145 
-1496.37     	362.506 
-1527.08     	3.73925 
22810 
459.547     	4.85962 
-750.705     	4.17752 
-847.715     	181.046 
-920.971     	86.5728 
-880.263     	533.46 
-1342.54     	740.373 
-1495.79     	360.267 
-1526.94     	3.73925 
22820 
459.542     	4.85962 
-751.871     	4.17752 
-847.672     	181.088 
-921.555     	86.5745 
-880.293     	535.705 
-1343.2     	737.888 
-1495.88     	360.207 
-1526.97     	3.73925 
22830 
453.813     	4.85962 
-752.859     	4.17751 
-847.713     	181.035 
-921.584     	82.6133 
-881.042     	534.97 
-1343.25     	737.88 
-1496.18     	360.199 
-1527.01     	3.73925 
22840 
489.981     	4.85962 
-753.196     	4.17759 
-848.576     	179.935 
-921.144     	82.634 
-879.886     	535.028 
-1345.19     	737.434 
-1495.86     	359.158 
-1529.53     	3.73925 
22850 
456.581     	4.85962 
-754.058     	4.17684 
-849.199     	180.147 
-921.204     	82.6532 
-880.216     	535.631 
-1344.97     	737.734 
-1495.68     	382.083 
-1529.92     	3.73925 
22860 
423.84     	4.85962 
-754.673     	4.18484 
-849.733     	180.94 
-922.247     	82.8248 
-880.011     	535.648 
-1345.26     	736.995 
-1493.97     	380.891 
-1532.68     	3.73925 
22870 
323.93     	4.85962 
-755.723     	4.20862 
-849.429     	180.158 
-924.218     	95.2163 
-880.889     	535.359 
-1343.98     	741.916 
-1494.7     	380.751 
-1534.04     	3.73925 
22880 
333.92     	4.85962 
-756.462     	4.20611 
-849.515     	179.45 
-924.454     	96.1216 
-880.89     	535.3 
-1343.9     	741.889 
-1494.71     	380.226 
-1534.04     	3.73925 
22890 
333.083     	4.85962 
-757.305     	4.20595 
-849.441     	179.59 
-924.385     	96.3395 
-880.786     	535.417 
-1344.05     	742.822 
-1494.74     	390.12 
-1535.4     	3.73925 
22900 
260.686     	4.85962 
-757.687     	4.22478 
-850.559     	179.835 
-925.242     	103.276 
-882.219     	536.006 
-1348.25     	741.289 
-1495.09     	388.283 
-1536.44     	3.73925 
22910 
249.451     	4.85962 
-758.657     	4.23799 
-851.279     	180.413 
-926.375     	102.744 
-882.332     	536.3 
-1347.41     	744.345 
-1496.03     	387.858 
-1536.69     	3.73925 
22920 
232.117     	4.85962 
-759.465     	4.23712 
-851.373     	180.153 
-927.013     	102.61 
-882.458     	536.232 
-1347     	743.908 
-1495.76     	386.353 
-1536.62     	3.73925 
22930 
239.761     	4.85962 
-760.267     	4.23799 
-851.376     	180.018 
-927.033     	102.586 
-882.373     	536.236 
-1346.98     	743.906 
-1495.79     	386.372 
-1537.94     	3.73925 
22940 
242.75     	4.85962 
-761.009     	4.23377 
-851.471     	180.044 
-928.102     	101.969 
-883.063     	537.364 
-1348.11     	741.137 
-1495.62     	386.368 
-1537.98     	3.73925 
22950 
196.73     	4.85962 
-761.178     	4.35253 
-854.702     	181.797 
-930.617     	101.636 
-880.772     	535.979 
-1349.21     	747.111 
-1500.82     	383.54 
-1539.43     	3.73925 
22960 
179.323     	4.85962 
-761.912     	4.2746 
-855.359     	181.213 
-931.808     	102.154 
-882.745     	535.735 
-1349.22     	742.578 
-1500.98     	383.518 
-1538.28     	3.73925 
22970 
172.92     	4.85962 
-762.946     	4.26004 
-854.888     	180.606 
-931.882     	101.515 
-882.981     	536.687 
-1349.23     	742.518 
-1501.34     	383.208 
-1539.16     	3.73925 
22980 
172.354     	4.85962 
-763.761     	4.26001 
-854.887     	180.599 
-931.888     	102.2 
-882.986     	537.174 
-1349.15     	742.485 
-1501.14     	383.243 
-1539.35     	3.73925 
22990 
164.091     	4.85962 
-764.337     	4.24989 
-856.893     	181.989 
-936.931     	148.82 
-882.457     	536.946 
-1347.43     	745.15 
-1500.29     	409.108 
-1539.39     	3.73925 
23000 
159.238     	4.85962 
-765.158     	4.2499 
-856.801     	181.996 
-936.931     	147.994 
-882.525     	536.788 
-1345.12     	745.515 
-1500.16     	409.139 
-1539.35     	3.73925 
