17000 
-322.516     	3.41369 
-690.011     	446.181 
-1013.67     	531.551 
-1109.09     	334.615 
-1161.1     	2.62668 
17010 
-336.012     	3.41369 
-689.123     	446.002 
-1014.72     	531.288 
-1108.83     	330.976 
-1159.67     	2.62668 
17020 
-336.674     	3.41369 
-688.478     	447.321 
-1015.29     	530.744 
-1115.39     	324.782 
-1163.62     	2.62668 
17030 
-337.209     	3.41369 
-689.064     	448.427 
-1016.09     	531.783 
-1118.58     	310.468 
-1159.19     	2.62668 
17040 
-337.604     	3.41369 
-691.422     	449.818 
-1017.4     	530.61 
-1120.74     	307.183 
-1158.45     	2.62668 
17050 
-329.447     	3.41369 
-783.923     	453.493 
-1012.54     	540.246 
-1120.64     	319.24 
-1161.23     	2.62668 
17060 
-329.957     	3.41369 
-783.893     	453.494 
-1012.52     	541.741 
-1120.64     	320.472 
-1159.05     	2.62668 
17070 
-330.478     	3.41369 
-783.767     	453.398 
-1014.05     	540.274 
-1121.69     	309.688 
-1159.82     	2.62668 
17080 
-329.919     	3.41369 
-790.507     	449.991 
-1010.28     	551.972 
-1122.23     	310.562 
-1167.11     	2.62668 
17090 
-330.446     	3.41369 
-790.506     	450.062 
-1016.29     	551.369 
-1122.1     	310.006 
-1168.17     	2.62668 
17100 
-330.963     	3.41369 
-788.404     	448.071 
-1020.37     	545.599 
-1122.1     	310.013 
-1170.04     	2.62668 
17110 
-331.037     	3.41369 
-788.425     	448.072 
-1017.15     	544.935 
-1122.47     	309.791 
-1170.03     	2.62668 
17120 
-332.003     	3.41369 
-787.554     	447.338 
-1017.42     	546.208 
-1123.54     	311.745 
-1170.56     	2.62668 
17130 
-332.507     	3.41369 
-692.129     	364.923 
-1006.01     	563.132 
-1123.78     	317.147 
-1170.65     	2.62668 
17140 
-334.483     	3.41369 
-692.536     	365.271 
-1006.05     	563.171 
-1123.86     	317.127 
-1168.36     	2.62668 
17150 
-335.008     	3.41369 
-692.52     	365.381 
-1006.3     	563.026 
-1126.24     	316.109 
-1169.93     	2.62668 
17160 
-335.47     	3.41369 
-692.879     	365.685 
-1006.41     	563.25 
-1125.93     	319.126 
-1167.79     	2.62668 
17170 
-335.939     	3.41369 
-693.092     	365.944 
-1007.6     	563.233 
-1126.75     	325.316 
-1167.47     	2.62668 
17180 
-336.613     	3.41369 
-693.145     	366.103 
-1006.97     	562.886 
-1126.4     	324.232 
-1167.3     	2.62668 
17190 
-337.181     	3.41369 
-693.479     	366.811 
-1012.2     	561.527 
-1130.23     	319.406 
-1169.25     	2.62668 
17200 
-337.652     	3.41369 
-693.568     	366.464 
-1013.37     	566.524 
-1133.14     	302.04 
-1169.58     	2.62668 
17210 
-338.182     	3.41369 
-694.067     	366.997 
-1013.34     	566.477 
-1133.13     	302.042 
-1168.36     	2.62668 
17220 
-338.795     	3.41369 
-692.497     	366.139 
-1013.71     	566.426 
-1134.93     	304.745 
-1169.18     	2.62668 
17230 
-339.339     	3.41369 
-692.409     	366.158 
-1013.72     	566.642 
-1135.04     	305.909 
-1169.01     	2.62668 
17240 
-339.888     	3.41369 
-692.281     	366.203 
-1013.74     	566.351 
-1134.92     	305.488 
-1169.01     	2.62668 
17250 
-340.407     	3.41369 
-692.394     	366.268 
-1013.64     	567.319 
-1139.13     	299.92 
-1167.39     	2.62668 
17260 
-340.84     	3.41369 
-694.122     	367.334 
-1014.07     	567.98 
-1138.66     	302.437 
-1169.86     	2.62668 
17270 
-341.362     	3.41369 
-694.671     	367.856 
-1014.6     	567.95 
-1138.66     	302.537 
-1169.87     	2.62668 
17280 
-341.9     	3.41369 
-694.777     	368.072 
-1015.01     	567.868 
-1140.39     	302.976 
-1170.08     	2.62668 
17290 
-342.41     	3.41369 
-695.153     	368.492 
-1015.85     	567.433 
-1140.84     	300.866 
-1169.4     	2.62668 
17300 
-343.03     	3.41369 
-694.704     	368.54 
-1020.13     	567.591 
-1140.7     	300.952 
-1173.88     	2.62668 
17310 
-343.836     	3.41369 
-694.847     	368.731 
-1020.14     	567.596 
-1140.09     	300.135 
-1173.59     	2.62668 
17320 
-344.642     	3.41369 
-694.807     	368.778 
-1020.56     	568.092 
-1141.55     	304.657 
-1173.67     	2.62668 
17330 
-345.434     	3.41369 
-695.114     	369.05 
-1020.31     	568.161 
-1141.52     	304.604 
-1173.67     	2.62668 
17340 
-346.225     	3.41369 
-695.451     	369.351 
-1020.94     	568.611 
-1141.16     	302.928 
-1180.43     	2.62668 
17350 
-347.037     	3.41369 
-695.385     	369.408 
-1020.94     	568.617 
-1141.16     	302.944 
-1179.71     	2.62668 
17360 
-347.834     	3.41369 
-695.653     	369.689 
-1020.91     	568.423 
-1139.91     	324.579 
-1178.2     	2.62668 
17370 
-348.587     	3.41369 
-696.231     	369.967 
-1018.26     	568.581 
-1139.78     	324.651 
-1180.74     	2.62668 
17380 
-349.37     	3.41369 
-696.716     	370.338 
-1019.83     	569.262 
-1139.07     	324.066 
-1180.98     	2.62668 
17390 
-350.168     	3.41369 
-697.014     	370.671 
-1020.04     	569.411 
-1144.35     	324.017 
-1175.2     	2.62668 
17400 
-350.977     	3.41369 
-697.159     	370.932 
-1020.51     	568.964 
-1147.41     	319.92 
-1175.92     	2.62668 
17410 
-351.799     	3.41369 
-697.11     	371.099 
-1020.88     	568.223 
-1147.29     	319.393 
-1175.95     	2.62668 
17420 
-352.61     	3.41369 
-697.074     	371.189 
-1022.55     	569.113 
-1147.85     	312.469 
-1180.14     	2.62668 
17430 
-353.417     	3.41369 
-697.076     	371.289 
-1022.54     	569.14 
-1147.85     	313.596 
-1180.15     	2.62668 
17440 
-354.238     	3.41369 
-696.764     	371.44 
-1027.95     	570.024 
-1147.46     	311.619 
-1180.35     	2.62668 
17450 
-363.381     	3.41369 
-702.087     	374.346 
-1027.06     	574.116 
-1149.32     	308.283 
-1182.39     	2.62668 
17460 
-369.841     	3.41369 
-702.08     	374.439 
-1027     	574.093 
-1149.22     	305.79 
-1186.68     	2.62668 
17470 
-370.615     	3.41369 
-703.682     	375.561 
-1027.5     	573.866 
-1150.31     	302.97 
-1187.11     	2.62668 
17480 
-371.409     	3.41369 
-703.572     	375.595 
-1027.49     	573.859 
-1153.9     	302.948 
-1184.93     	2.62668 
17490 
-372.111     	3.41369 
-703.737     	375.657 
-1030.71     	573.854 
-1153.57     	303.778 
-1183.93     	2.62668 
17500 
-372.97     	3.41369 
-703.534     	375.93 
-1030.61     	573.853 
-1155.23     	303.791 
-1183.52     	2.62668 
17510 
-373.772     	3.41369 
-703.697     	376.124 
-1030.37     	573.77 
-1155.22     	303.807 
-1184.41     	2.62668 
17520 
-374.547     	3.41369 
-704.018     	376.486 
-1031.09     	573.424 
-1156.69     	302.208 
-1184.82     	2.62668 
17530 
-375.328     	3.41369 
-704.024     	376.556 
-1030.78     	573.655 
-1156.83     	305.199 
-1184.71     	2.62668 
17540 
-376.113     	3.41369 
-703.716     	376.329 
-1031.23     	575.526 
-1156.8     	305.535 
-1186.7     	2.62668 
17550 
-376.658     	3.41369 
-708.464     	379.418 
-1034.01     	574.972 
-1156.5     	303.766 
-1186.79     	2.62668 
17560 
-377.456     	3.41369 
-708.356     	379.511 
-1033.91     	574.986 
-1156.48     	303.255 
-1187.31     	2.62668 
17570 
-378.151     	3.41369 
-710.015     	380.624 
-1035.57     	575.755 
-1159.98     	301.217 
-1188.07     	2.62668 
17580 
-378.921     	3.41369 
-710.262     	380.864 
-1035.65     	575.961 
-1159.67     	305.825 
-1188.59     	2.62668 
17590 
-379.669     	3.41369 
-710.96     	381.399 
-1036.48     	576.22 
-1160.75     	304.297 
-1188.72     	2.62668 
17600 
-380.452     	3.41369 
-710.907     	381.466 
-1035.89     	575.864 
-1161.34     	304.16 
-1190.15     	2.62668 
17610 
-381.227     	3.41369 
-711.07     	381.636 
-1035.67     	576.17 
-1163.91     	301.688 
-1190.13     	2.62668 
17620 
-381.541     	3.41369 
-711.659     	381.945 
-1034.75     	577.754 
-1163.72     	302.017 
-1189.48     	2.62668 
17630 
-382.766     	3.41369 
-711.29     	381.824 
-1037.24     	579.194 
-1163.16     	307.647 
-1190.83     	2.62668 
17640 
-383.495     	3.41369 
-712.305     	382.542 
-1037.09     	579.067 
-1163.08     	302.554 
-1194.06     	2.62668 
17650 
-384.249     	3.41369 
-712.85     	382.973 
-1039.17     	580.292 
-1164.41     	304.904 
-1193.43     	2.62668 
17660 
-385     	3.41369 
-713.306     	383.265 
-1039.11     	580.246 
-1164.33     	304.653 
-1193.24     	2.62668 
17670 
-385.784     	3.41369 
-713.475     	383.613 
-1039.21     	579.417 
-1164.58     	307.898 
-1195.73     	2.62668 
17680 
-386.454     	3.41369 
-714.991     	384.644 
-1039.15     	579.061 
-1163.75     	313.273 
-1198.21     	2.62668 
17690 
-387.27     	3.41369 
-714.972     	384.738 
-1039.12     	578.99 
-1163.72     	312.648 
-1198.08     	2.62668 
17700 
-388.02     	3.41369 
-715.352     	385.056 
-1039.44     	579.328 
-1166.14     	313.326 
-1197.23     	2.62668 
17710 
-388.793     	3.41369 
-715.596     	385.232 
-1040.1     	580.744 
-1166.08     	322.235 
-1197.52     	2.62668 
17720 
-389.534     	3.41369 
-716.09     	385.642 
-1039.57     	580.297 
-1166.64     	324.444 
-1198.13     	2.62668 
17730 
-390.336     	3.41369 
-715.978     	385.676 
-1039.59     	580.314 
-1166.67     	314.621 
-1201.71     	2.62668 
17740 
-391.113     	3.41369 
-716.042     	385.809 
-1043.21     	580.317 
-1166.65     	314.519 
-1201.62     	2.62668 
17750 
-391.935     	3.41369 
-715.569     	385.82 
-1046.75     	580.816 
-1166.58     	314.07 
-1201.68     	2.62668 
17760 
-392.754     	3.41369 
-714.844     	385.636 
-1047.59     	580.367 
-1168.91     	310.594 
-1201.82     	2.62668 
17770 
-393.522     	3.41369 
-715.411     	386.113 
-1047.3     	579.643 
-1168.99     	312.746 
-1205.21     	2.62668 
17780 
-394.288     	3.41369 
-715.405     	386.183 
-1046.39     	579.585 
-1168.71     	312.977 
-1207.68     	2.62668 
17790 
-395.086     	3.41369 
-715.267     	386.203 
-1046.4     	579.678 
-1168.83     	313.876 
-1207.35     	2.62668 
17800 
-395.789     	3.41369 
-715.458     	386.426 
-1048.21     	579.613 
-1168.79     	313.886 
-1206.78     	2.62668 
17810 
-396.647     	3.41369 
-715.37     	386.554 
-1056.89     	584.161 
-1169.12     	312.688 
-1207.55     	2.62668 
17820 
-397.427     	3.41369 
-715.356     	386.651 
-1055.82     	584.147 
-1168.96     	311.422 
-1207.38     	2.62668 
17830 
-398.202     	3.41369 
-715.35     	386.703 
-1054.61     	584.18 
-1169.61     	327.344 
-1208.38     	2.62668 
17840 
-398.962     	3.41369 
-715.721     	387.033 
-1054.66     	584.072 
-1169.23     	327.081 
-1208.52     	2.62668 
17850 
-399.769     	3.41369 
-715.586     	387.307 
-1054.54     	580.814 
-1169.33     	324.112 
-1212.46     	2.62668 
17860 
-400.543     	3.41369 
-715.568     	387.335 
-1053.45     	581.158 
-1169.37     	324.304 
-1210.73     	2.62668 
17870 
-401.292     	3.41369 
-716.049     	387.692 
-1054.91     	582.138 
-1169.28     	323.513 
-1219.66     	2.62668 
17880 
-402.07     	3.41369 
-716.077     	387.818 
-1054.78     	582.332 
-1169.21     	323.244 
-1218.09     	2.62668 
17890 
-402.772     	3.41369 
-717.287     	388.517 
-1055.14     	583.991 
-1172.77     	323.073 
-1218.53     	2.62668 
17900 
-403.16     	3.41369 
-717.782     	388.735 
-1055.19     	586.4 
-1172.93     	320.585 
-1215.95     	2.62668 
17910 
-404.295     	3.41369 
-717.607     	388.742 
-1054.08     	585.731 
-1173.56     	320.391 
-1215.18     	2.62668 
17920 
-405.074     	3.41369 
-717.334     	388.528 
-1052.04     	586.548 
-1178.63     	320.081 
-1213.54     	2.62668 
17930 
-405.767     	3.41369 
-717.331     	388.611 
-1052.27     	585.18 
-1179.04     	319.474 
-1213.56     	2.62668 
17940 
-406.641     	3.41369 
-717.28     	388.877 
-1053.22     	585.157 
-1178.88     	319.537 
-1213.36     	2.62668 
17950 
-407.376     	3.41369 
-717.104     	388.884 
-1053.22     	585.158 
-1177.92     	319.538 
-1214.73     	2.62668 
17960 
-408.273     	3.41369 
-716.103     	388.522 
-1056.9     	585.98 
-1182.83     	313.642 
-1214.11     	2.62668 
17970 
-409.044     	3.41369 
-716.261     	388.714 
-1056.77     	586.024 
-1183.17     	313.774 
-1215.13     	2.62668 
17980 
-409.81     	3.41369 
-716.32     	388.856 
-1056.5     	585.898 
-1183.06     	327.35 
-1215.13     	2.62668 
17990 
-410.602     	3.41369 
-716.264     	388.995 
-1057.06     	585.525 
-1183.76     	321.074 
-1215.39     	2.62668 
18000 
-411.385     	3.41369 
-716.152     	389.037 
-1058.73     	586.546 
-1182.79     	315.416 
-1217.84     	2.62668 
