27000 
-1046.65     	6.30557 
-1147.09     	373.072 
-998.121     	597.581 
-1583.48     	888.394 
-1763.32     	417.243 
-1805.98     	4.85184 
27010 
-1047.31     	6.30557 
-1151.68     	389.946 
-997.933     	597.625 
-1583.48     	888.386 
-1763.31     	417.252 
-1806.93     	4.85184 
27020 
-1048.08     	6.30557 
-1151.71     	390.369 
-998.249     	597.905 
-1583.52     	888.408 
-1763.33     	417.202 
-1806.61     	4.85184 
27030 
-1048.77     	6.30557 
-1153.24     	393.067 
-998.033     	597.936 
-1583.52     	888.408 
-1763.33     	417.202 
-1806.95     	4.85184 
27040 
-1049.28     	6.30557 
-1155.59     	393.126 
-995.899     	597.334 
-1587.89     	888.848 
-1766.02     	414.33 
-1806.78     	4.85184 
27050 
-1050.09     	6.30557 
-1155.91     	393.868 
-995.753     	597.337 
-1588.05     	888.857 
-1765.82     	414.362 
-1806.72     	4.85184 
27060 
-1050.81     	6.30557 
-1156.38     	394.353 
-995.602     	597.45 
-1588.04     	888.872 
-1765.8     	414.31 
-1806.54     	4.85184 
27070 
-1051.46     	6.30557 
-1157.26     	393.498 
-996.192     	597.769 
-1586.28     	888.184 
-1768.8     	420.247 
-1810.37     	4.85184 
27080 
-1052.2     	6.30557 
-1157.29     	394.528 
-996.171     	597.957 
-1586.28     	888.185 
-1768.72     	425.143 
-1810.35     	4.85184 
27090 
-1052.91     	6.30557 
-1157.58     	394.768 
-996.461     	598.292 
-1586.88     	888.147 
-1768.55     	425.145 
-1810.04     	4.85184 
27100 
-1053.53     	6.30557 
-1159.5     	393.237 
-996.488     	598.406 
-1586.95     	888.299 
-1769.27     	427.866 
-1810.19     	4.85184 
27110 
-1054.21     	6.30557 
-1159.26     	393.898 
-996.907     	599.031 
-1589.3     	888.021 
-1769.24     	427.856 
-1810.09     	4.85184 
27120 
-1054.98     	6.30557 
-1159.4     	393.792 
-998.288     	598.945 
-1589.25     	889.726 
-1769.29     	429.697 
-1809.83     	4.85184 
27130 
-1055.68     	6.30557 
-1159.62     	393.923 
-998.284     	599.556 
-1589.21     	889.992 
-1769.29     	429.695 
-1809.83     	4.85184 
27140 
-1056.33     	6.30557 
-1159.35     	394.26 
-998.295     	599.565 
-1589.21     	890.071 
-1769.3     	429.64 
-1809.84     	4.85184 
27150 
-1056.15     	6.30557 
-1160.48     	394.903 
-998.212     	599.991 
-1589.67     	888.75 
-1774.98     	422.606 
-1813.44     	4.85184 
27160 
-1057.82     	6.30557 
-1160.58     	395.264 
-998.623     	600.441 
-1589.58     	888.541 
-1774.86     	422.292 
-1813.3     	4.85184 
27170 
-1058.48     	6.30557 
-1161.88     	394.755 
-998.485     	600.475 
-1589.31     	888.556 
-1774.86     	422.24 
-1813.3     	4.85184 
27180 
-1059.2     	6.30557 
-1162.01     	395.415 
-998.787     	600.454 
-1589.2     	889.993 
-1774.53     	421.973 
-1813.01     	4.85184 
27190 
-1059.86     	6.30557 
-1162.25     	398.694 
-1001.44     	601.767 
-1593.65     	890.268 
-1774.66     	419.731 
-1814.44     	4.85184 
27200 
-1060.55     	6.30557 
-1163.3     	393.203 
-1000.64     	602.296 
-1596.05     	889.636 
-1777.87     	418.69 
-1817.6     	4.85184 
27210 
-1061.3     	6.30557 
-1162.95     	394.538 
-1000.82     	602.5 
-1595.75     	889.818 
-1777.83     	419.152 
-1817.37     	4.85184 
27220 
-1062.03     	6.30557 
-1162.85     	395.261 
-1001.42     	602.484 
-1595.71     	891.072 
-1777.97     	417.438 
-1817.53     	4.85184 
27230 
-1062.66     	6.30557 
-1164.56     	393.817 
-1001.76     	602.513 
-1594.69     	892.872 
-1777.98     	417.836 
-1817.51     	4.85184 
27240 
-1063.4     	6.30557 
-1164.29     	395.083 
-1002.2     	602.174 
-1595.91     	895.351 
-1777.55     	421.081 
-1822.5     	4.85184 
27250 
-1064.01     	6.30557 
-1164.98     	392.88 
-1004.11     	603.539 
-1596.99     	894.88 
-1777.91     	421.465 
-1823.35     	4.85184 
27260 
-1064.79     	6.30557 
-1164.86     	393.427 
-1004.51     	604.069 
-1596.99     	894.882 
-1778.23     	421.467 
-1822.82     	4.85184 
27270 
-1065.47     	6.30557 
-1165.87     	393.372 
-1000.69     	602.722 
-1598.34     	893.618 
-1781.3     	417.565 
-1824.29     	4.85184 
27280 
-1066.22     	6.30557 
-1165.86     	396.664 
-1001.43     	603.648 
-1603.17     	893.733 
-1781.3     	417.564 
-1823.24     	4.85184 
27290 
-1066.95     	6.30557 
-1165.17     	396.528 
-1003.58     	604.408 
-1601.89     	895.221 
-1783.16     	418.101 
-1824.18     	4.85184 
27300 
-1067.64     	6.30557 
-1165.82     	396.429 
-1004     	604.794 
-1601.78     	894.899 
-1782.98     	418.245 
-1823.93     	4.85184 
27310 
-1068.23     	6.30557 
-1168.55     	393.497 
-1004.48     	604.951 
-1600.67     	894.884 
-1786.13     	420.297 
-1828.54     	4.85184 
27320 
-1068.95     	6.30557 
-1168.62     	393.605 
-1005.16     	605.477 
-1600.54     	894.857 
-1785.99     	420.868 
-1828.46     	4.85184 
27330 
-1069.64     	6.30557 
-1170.18     	396.997 
-1004.32     	605.321 
-1601.2     	894.749 
-1786.8     	420.961 
-1829.07     	4.85184 
27340 
-1070.37     	6.30557 
-1169.86     	396.905 
-1006.55     	606.439 
-1600.92     	895.116 
-1786.53     	421.082 
-1828.5     	4.85184 
27350 
-1071.03     	6.30557 
-1170.37     	394.521 
-1007.83     	606.848 
-1599.3     	895.776 
-1786.54     	422.672 
-1828.48     	4.85184 
27360 
-1071.78     	6.30557 
-1169.9     	395.644 
-1004.46     	604.59 
-1601.64     	899.061 
-1790.18     	421.556 
-1830.97     	4.85184 
27370 
-1072.53     	6.30557 
-1169.52     	397.618 
-1004.87     	605.607 
-1603.21     	898.255 
-1790.86     	419.986 
-1831.78     	4.85184 
27380 
-1073.25     	6.30557 
-1169.53     	397.991 
-1005.64     	606.085 
-1603.17     	898.228 
-1790.85     	419.988 
-1828.61     	4.85184 
27390 
-1073.84     	6.30557 
-1172.55     	396.89 
-1006.54     	606.87 
-1605.04     	898.228 
-1787.69     	430.42 
-1829.86     	4.85184 
27400 
-1074.3     	6.30557 
-1174.3     	397.082 
-1006.09     	606.731 
-1605.44     	898.682 
-1788.48     	430.551 
-1832.83     	4.85184 
27410 
-1075.19     	6.30557 
-1174.76     	397.94 
-1006.72     	607.452 
-1606.47     	897.725 
-1789.12     	430.85 
-1833.46     	4.85184 
27420 
-1075.93     	6.30557 
-1174.26     	397.848 
-1007.01     	607.788 
-1606.55     	897.433 
-1788.96     	430.902 
-1832.95     	4.85184 
27430 
-1076.62     	6.30557 
-1174.87     	397.932 
-1007.65     	608.23 
-1606.49     	897.398 
-1788.95     	430.911 
-1833.27     	4.85184 
27440 
-1077.33     	6.30557 
-1174.99     	397.903 
-1008.18     	608.269 
-1606.46     	898.785 
-1788.75     	430.51 
-1833.36     	4.85184 
27450 
-1078.02     	6.30557 
-1175.59     	398.474 
-1007.95     	608.319 
-1606.42     	899.024 
-1788.92     	430.428 
-1833.67     	4.85184 
27460 
-1078.69     	6.30557 
-1176.85     	397.94 
-1008.47     	608.514 
-1606.04     	899.789 
-1788.66     	430.664 
-1833.66     	4.85184 
27470 
-1079.48     	6.30557 
-1174.31     	395.208 
-1010.72     	609.597 
-1608.82     	901.877 
-1793.55     	431.303 
-1839.11     	4.85184 
27480 
-1080.13     	6.30557 
-1175.74     	393.786 
-1011.24     	609.889 
-1608.94     	902.105 
-1793.08     	435.338 
-1838.38     	4.85184 
27490 
-1080.85     	6.30557 
-1175.92     	394.473 
-1011.25     	610.14 
-1608.87     	901.753 
-1792.98     	435.461 
-1837.94     	4.85184 
27500 
-1081.56     	6.30557 
-1175.93     	395.322 
-1011.33     	610.304 
-1608.87     	901.748 
-1792.99     	435.4 
-1838.14     	4.85184 
