24000 
-878.644     	5.438 
-918.015     	262.698 
-979.965     	69.0397 
-973.736     	592.435 
-1416.78     	782.646 
-1583.53     	334.596 
-1603.48     	8.36857 
24010 
-878.869     	5.438 
-928.759     	262.596 
-981.724     	67.4593 
-961.332     	590 
-1416.1     	781.961 
-1583.57     	331.237 
-1602.73     	8.36857 
24020 
-819.884     	5.438 
-933.791     	182.091 
-997.844     	162.454 
-918.501     	559.095 
-1415.99     	781.518 
-1584.19     	331.63 
-1605.42     	8.36857 
24030 
-838.596     	5.438 
-923.153     	198.932 
-1003.72     	170.689 
-913.864     	563.349 
-1420.05     	780.033 
-1578.76     	343.404 
-1607.65     	8.36857 
24040 
-839.341     	5.438 
-923.444     	198.976 
-1004.24     	171.207 
-914.133     	563.348 
-1419.52     	780.006 
-1579.62     	344.996 
-1607.66     	8.36857 
24050 
-840.078     	5.438 
-924.01     	199.54 
-1004.97     	170.868 
-913.33     	563.264 
-1419.53     	779.946 
-1579.59     	345.147 
-1607.54     	8.36857 
24060 
-840.649     	5.438 
-925.445     	199.292 
-1005.58     	171.805 
-914.071     	564.652 
-1425.47     	784.319 
-1579.6     	342.205 
-1608.16     	8.36857 
24070 
-841.361     	5.438 
-926.066     	199.459 
-1005.98     	171.828 
-914.099     	564.783 
-1425.31     	784.326 
-1579.34     	346.864 
-1611.92     	8.36857 
24080 
-842.046     	5.438 
-926.738     	199.378 
-1006.44     	172.428 
-914.118     	564.793 
-1424.97     	784.308 
-1579.34     	346.546 
-1611.92     	8.36857 
24090 
-842.857     	5.438 
-926.781     	200.023 
-1007.08     	172.098 
-915.54     	563.803 
-1422.08     	784.324 
-1578.9     	366.587 
-1613.96     	8.36857 
24100 
-843.641     	5.438 
-926.661     	199.926 
-1007.79     	172.122 
-915.536     	563.815 
-1421.97     	784.439 
-1578.61     	366.694 
-1613.85     	8.36857 
24110 
-844.231     	5.438 
-928.302     	200.406 
-1008.5     	171.743 
-915.898     	564.996 
-1421.39     	784.471 
-1581.02     	366.239 
-1613.13     	8.36857 
24120 
-845.037     	5.438 
-928.166     	200.479 
-1009.01     	171.757 
-916.344     	564.336 
-1421.46     	784.453 
-1581.27     	366.184 
-1612.46     	8.36857 
24130 
-845.644     	5.438 
-930.088     	201.885 
-1009.08     	171.855 
-914.838     	570.534 
-1424.33     	783.268 
-1582.59     	366.726 
-1614.26     	8.36857 
24140 
-846.396     	5.438 
-930.194     	201.651 
-1010.39     	171.771 
-914.804     	570.555 
-1424.31     	783.226 
-1582.53     	366.617 
-1613.82     	8.36857 
24150 
-846.548     	5.438 
-930.346     	201.512 
-1011.23     	171.894 
-914.803     	570.755 
-1424.27     	782.91 
-1582.47     	366.451 
-1613.82     	8.36857 
24160 
-847.754     	5.438 
-931.411     	200.949 
-1011.52     	172.374 
-914.782     	570.814 
-1424.14     	782.943 
-1587.64     	366.516 
-1613.32     	8.36857 
24170 
-848.535     	5.438 
-931.396     	200.973 
-1011.54     	174.837 
-914.793     	570.948 
-1424.14     	782.932 
-1587.73     	366.516 
-1612.46     	8.36857 
24180 
-849.686     	5.438 
-928.466     	201.831 
-1012.44     	173.664 
-917.375     	566.426 
-1425.95     	786.107 
-1586.24     	364.532 
-1615.94     	8.36857 
24190 
-849.961     	5.438 
-931.854     	201.023 
-1013.22     	172.967 
-918.06     	567.743 
-1427.61     	784.113 
-1587.31     	362.626 
-1619.64     	8.36857 
24200 
-850.832     	5.438 
-931.859     	201.485 
-1013.41     	174.79 
-918.042     	567.752 
-1427.61     	783.978 
-1587.23     	362.703 
-1619.1     	8.36857 
24210 
-851.844     	5.438 
-929.15     	199.603 
-1014.15     	173.925 
-919.263     	569.142 
-1428.23     	782.871 
-1589.07     	362.774 
-1619.13     	8.36857 
24220 
-852.656     	5.438 
-929.158     	200.472 
-1014.76     	174.32 
-918.967     	569.616 
-1427.82     	783.1 
-1588.88     	363.635 
-1618.51     	8.36857 
24230 
-853.071     	5.438 
-932.498     	202.467 
-1014.92     	174.24 
-919.142     	568.569 
-1429.32     	782.991 
-1590.32     	363.268 
-1619.17     	8.36857 
24240 
-853.349     	5.438 
-936.302     	202.615 
-1016.34     	173.007 
-918.994     	570.53 
-1429.08     	782.978 
-1591.27     	362.752 
-1619.42     	8.36857 
24250 
-854.254     	5.438 
-935.866     	202.434 
-1016.34     	175.418 
-920.08     	568.445 
-1425.76     	786.634 
-1591.13     	369.651 
-1619.42     	8.36857 
24260 
-854.823     	5.438 
-937.419     	202.446 
-1018.05     	174.525 
-920.393     	567.141 
-1425.76     	789.43 
-1592.51     	369.661 
-1622.09     	8.36857 
24270 
-855.668     	5.438 
-937.095     	202.801 
-1018.04     	173.745 
-920.716     	568.491 
-1429.23     	789.06 
-1591.38     	371.444 
-1622.02     	8.36857 
24280 
-856.567     	5.438 
-935.613     	206.313 
-1018.76     	173.55 
-919.59     	567.717 
-1430.72     	789.222 
-1591.5     	371.202 
-1624.57     	8.36857 
24290 
-857.253     	5.438 
-937.715     	205.181 
-1019.38     	173.41 
-920.463     	572.4 
-1432.67     	787.435 
-1592.5     	369.607 
-1624.08     	8.36857 
24300 
-857.849     	5.438 
-938.767     	204.39 
-1019.85     	173.962 
-921.021     	571.404 
-1434.05     	789.789 
-1593.72     	368.381 
-1623.93     	8.36857 
24310 
-858.63     	5.438 
-938.797     	204.374 
-1020.4     	175.993 
-921.384     	570.571 
-1434.04     	789.736 
-1593.44     	367.934 
-1624.35     	8.36857 
24320 
-859.242     	5.438 
-940.665     	205.734 
-1023.01     	177.723 
-918.706     	570.072 
-1432.54     	788.938 
-1595.16     	366.649 
-1625.18     	8.36857 
24330 
-859.848     	5.438 
-941.493     	204.379 
-1025.24     	176.223 
-919.278     	570.954 
-1432.42     	789.549 
-1594.66     	365.243 
-1625.79     	8.36857 
24340 
-860.342     	5.438 
-942.365     	203.902 
-1022.26     	174.217 
-922.888     	572.855 
-1433.19     	788.766 
-1594.82     	365.917 
-1626.68     	8.36857 
24350 
-861.289     	5.438 
-942.359     	204.411 
-1023.32     	171.629 
-922.843     	572.667 
-1432.77     	788.842 
-1594.47     	365.961 
-1626.79     	8.36857 
24360 
-861.905     	5.438 
-943.59     	204.267 
-1024.26     	171.567 
-922.837     	570.362 
-1433.49     	791.475 
-1594.42     	366.477 
-1626.76     	8.36857 
24370 
-862.768     	5.438 
-942.891     	204.386 
-1026.18     	171.188 
-923.058     	573.345 
-1433.5     	789.127 
-1594.46     	395.909 
-1628.5     	8.36857 
24380 
-863.194     	5.438 
-944.539     	204.386 
-1026.08     	254.368 
-923.111     	573.534 
-1433.5     	789.123 
-1594.41     	397.108 
-1632.73     	8.36857 
24390 
-864.1     	5.438 
-944.862     	204.909 
-1035.89     	254.229 
-915.502     	568.116 
-1432.62     	788.59 
-1594.28     	392.433 
-1633.13     	8.36857 
24400 
-864.727     	5.438 
-946.781     	206.812 
-1036.36     	254.457 
-914.504     	567.627 
-1432.2     	788.777 
-1593.23     	389.811 
-1634.07     	8.36857 
24410 
-865.448     	5.438 
-947.161     	206.58 
-1037.07     	254.776 
-914.853     	567.48 
-1432.15     	795.87 
-1592.82     	389.314 
-1633.62     	8.36857 
24420 
-865.688     	5.438 
-947.765     	206.526 
-1037.57     	255.261 
-915.266     	567.282 
-1432.59     	797.991 
-1592.76     	389.154 
-1633.75     	8.36857 
24430 
-866.856     	5.438 
-948.268     	206.555 
-1038.31     	255.063 
-915.297     	567.154 
-1432.51     	798.092 
-1592.69     	388.941 
-1633.8     	8.36857 
24440 
-867.637     	5.438 
-948.195     	206.565 
-1041.09     	254.924 
-907.883     	566.932 
-1436.38     	790.859 
-1596.58     	392.087 
-1639.03     	8.36857 
24450 
-868.27     	5.438 
-949.29     	206.452 
-1040.82     	256.635 
-915.464     	570.273 
-1432.12     	789.628 
-1596.41     	397.083 
-1639.5     	8.36857 
24460 
-868.998     	5.438 
-950.573     	208.951 
-1039.46     	260.396 
-916.741     	569.211 
-1432.33     	791.971 
-1599.57     	401.895 
-1637.55     	8.36857 
24470 
-869.675     	5.438 
-950.989     	208.219 
-1040.38     	260.96 
-917.46     	567.91 
-1432.08     	791.825 
-1599.24     	405.972 
-1638.59     	8.36857 
24480 
-870.396     	5.438 
-951.447     	207.904 
-1040.07     	260.672 
-917.59     	567.93 
-1431.54     	791.65 
-1599.18     	405.602 
-1638.45     	8.36857 
24490 
-871.139     	5.438 
-951.742     	208.07 
-1040.61     	260.785 
-917.626     	568.335 
-1431.54     	791.845 
-1599.18     	405.387 
-1637.89     	8.36857 
24500 
-870.856     	5.438 
-952.518     	208.131 
-1042.45     	261.753 
-917.166     	569.789 
-1439.9     	794.334 
-1600.52     	402.417 
-1640.59     	8.36857 
24510 
-871.582     	5.438 
-955.948     	208.141 
-1043.29     	262.521 
-916.965     	569.502 
-1439.78     	794.55 
-1602.07     	403.301 
-1641.11     	8.36857 
24520 
-872.593     	5.438 
-955.867     	208.496 
-1043.99     	262.618 
-917.189     	569.414 
-1439.6     	794.711 
-1602.02     	402.911 
-1641.09     	8.36857 
24530 
-873.478     	5.438 
-953.221     	207.13 
-1044.08     	262.399 
-916.619     	569.452 
-1439.55     	794.69 
-1601.96     	402.699 
-1640.61     	8.36857 
24540 
-874.352     	5.438 
-953.323     	207.202 
-1044.24     	262.263 
-916.642     	569.425 
-1439.27     	794.69 
-1601.92     	402.538 
-1640.62     	8.36857 
24550 
-875.118     	5.438 
-956.865     	212.106 
-1045.21     	262.077 
-918.804     	569.688 
-1437.93     	794.686 
-1605.42     	400.375 
-1643.83     	8.36857 
24560 
-875.905     	5.438 
-957.888     	210.209 
-1047.66     	260.576 
-919.271     	570.487 
-1436.91     	794.763 
-1604.64     	400.453 
-1644.59     	8.36857 
24570 
-876.578     	5.438 
-956.904     	211.411 
-1047.77     	260.472 
-919.639     	573.038 
-1437.5     	796.55 
-1604.21     	400.414 
-1646.49     	8.36857 
24580 
-877.463     	5.438 
-957.769     	210.41 
-1049.09     	260.898 
-919.678     	574.249 
-1440.46     	798.117 
-1605.48     	401.158 
-1646.09     	8.36857 
24590 
-877.93     	5.438 
-960.303     	210.528 
-1049.17     	260.994 
-920.583     	569.954 
-1440.44     	798.303 
-1605.12     	399.566 
-1646.62     	8.36857 
24600 
-878.648     	5.438 
-960.403     	209.34 
-1050.01     	261.372 
-920.745     	570.457 
-1440.53     	798.219 
-1605.07     	399.48 
-1646.62     	8.36857 
24610 
-879.603     	5.438 
-959.022     	209.972 
-1050.97     	261.595 
-920.28     	571.143 
-1441.07     	797.865 
-1604.76     	411.285 
-1645.71     	8.36857 
24620 
-880.05     	5.438 
-961.67     	209.582 
-1052.16     	262.316 
-920.272     	571.277 
-1441.36     	796.876 
-1604.56     	406.859 
-1647.37     	8.36857 
24630 
-880.778     	5.438 
-961.918     	209.596 
-1052.24     	261.806 
-920.868     	571.679 
-1446.91     	801.902 
-1604.29     	406.42 
-1647.38     	8.36857 
24640 
-881.336     	5.438 
-963.378     	209.793 
-1051.57     	265.293 
-921.36     	572.394 
-1446.85     	799.043 
-1609.75     	402.617 
-1650.93     	8.36857 
24650 
-882.422     	5.438 
-961.449     	210.583 
-1051.44     	264.515 
-922.139     	570.409 
-1447.83     	798.745 
-1610.65     	401.662 
-1651.23     	8.36857 
24660 
-883.162     	5.438 
-961.995     	211.429 
-1051.6     	264.28 
-922.532     	573.955 
-1447.62     	798.792 
-1610.31     	400.794 
-1650.99     	8.36857 
24670 
-883.912     	5.438 
-962.093     	211.325 
-1051.9     	264.282 
-922.123     	574.602 
-1448.53     	798.795 
-1610.27     	400.795 
-1650.65     	8.36857 
24680 
-884.5     	5.438 
-963.84     	211.695 
-1055.76     	263.136 
-922.401     	574.031 
-1446.83     	798.618 
-1610.25     	400.795 
-1650.66     	8.36857 
24690 
-885.259     	5.438 
-963.887     	211.674 
-1055.86     	263.019 
-922.876     	572.893 
-1446.91     	800.194 
-1609.48     	400.67 
-1650.79     	8.36857 
24700 
-884.94     	5.438 
-964.623     	211.285 
-1056.66     	263.025 
-922.792     	573.588 
-1446.82     	799.751 
-1609.46     	414.867 
-1655.16     	8.36857 
24710 
-886.427     	5.438 
-966.838     	210.948 
-1057.06     	264.371 
-923.415     	573.563 
-1446.15     	799.599 
-1608.31     	413.983 
-1654.43     	8.36857 
24720 
-887.125     	5.438 
-967.692     	211.685 
-1057.87     	263.892 
-923.896     	573.575 
-1448.35     	801.375 
-1609.4     	433.478 
-1653.48     	8.36857 
24730 
-887.851     	5.438 
-968.026     	211.455 
-1058.14     	263.906 
-924.064     	574.439 
-1449.47     	800.631 
-1611.41     	424.915 
-1653.54     	8.36857 
24740 
-888.587     	5.438 
-968.26     	211.375 
-1059.21     	264.373 
-924.078     	574.518 
-1447.95     	800.265 
-1611.8     	422.074 
-1653.42     	8.36857 
24750 
-889.348     	5.438 
-968.523     	211.949 
-1059.29     	264.173 
-924.579     	574.682 
-1447.88     	800.359 
-1611.8     	422.14 
-1658.18     	8.36857 
24760 
-889.974     	5.438 
-969.824     	212.044 
-1059.43     	264.212 
-924.581     	575.151 
-1447.88     	800.071 
-1611.43     	422.614 
-1657.55     	8.36857 
24770 
-890.712     	5.438 
-970.103     	212.162 
-1061.27     	265.026 
-924.896     	574.654 
-1448.04     	801.371 
-1610.74     	422.102 
-1657.54     	8.36857 
24780 
-891.288     	5.438 
-971.731     	212.298 
-1061.04     	264.919 
-925.387     	575.641 
-1450.72     	801.306 
-1609.6     	421.963 
-1659.65     	8.36857 
24790 
-892.058     	5.438 
-972.082     	212.951 
-1061.81     	265.078 
-925.648     	575.27 
-1450.92     	802.507 
-1610.25     	421.958 
-1660.33     	8.36857 
24800 
-892.991     	5.438 
-970.545     	213.093 
-1060.26     	267.271 
-925.809     	576.403 
-1452.01     	804.279 
-1614.5     	423.794 
-1662.82     	8.36857 
24810 
-893.7     	5.438 
-970.904     	212.685 
-1062.41     	268.409 
-926.267     	575.46 
-1452.16     	804.337 
-1614.33     	423.137 
-1662.54     	8.36857 
24820 
-894.463     	5.438 
-970.947     	212.771 
-1063.31     	268.714 
-926.396     	575.9 
-1455.73     	806.918 
-1613.1     	428.444 
-1662.96     	8.36857 
24830 
-895.186     	5.438 
-971.303     	212.716 
-1063.56     	268.707 
-926.442     	575.743 
-1458.11     	806.709 
-1612.62     	428.414 
-1663.1     	8.36857 
24840 
-895.883     	5.438 
-971.947     	212.795 
-1063.71     	268.685 
-926.483     	576.223 
-1458     	806.704 
-1612.58     	428.13 
-1663.05     	8.36857 
24850 
-896.125     	5.438 
-976.54     	213.177 
-1066.29     	266.775 
-926.219     	579.727 
-1457.66     	803.757 
-1612.76     	428.497 
-1672.67     	8.36857 
24860 
-897.021     	5.438 
-976.06     	214.12 
-1066.76     	266.698 
-927.052     	579.055 
-1456.84     	803.636 
-1612.76     	428.027 
-1672.65     	8.36857 
24870 
-897.861     	5.438 
-975.103     	215.439 
-1066.59     	269.588 
-927.326     	577.177 
-1456.83     	805.178 
-1616.03     	427.441 
-1668.54     	8.36857 
24880 
-898.758     	5.438 
-974.644     	216.155 
-1067.35     	269.521 
-927.83     	577.804 
-1458.95     	811.615 
-1618.62     	426.114 
-1668.54     	8.36857 
24890 
-898.963     	5.438 
-976.22     	215.272 
-1067.06     	269.595 
-929.501     	578.278 
-1458.94     	811.65 
-1618.61     	427.461 
-1668.13     	8.36857 
24900 
-899.863     	5.438 
-976.561     	215.143 
-1066.98     	269.662 
-929.881     	577.586 
-1456.76     	811.708 
-1618.1     	427.002 
-1668.07     	8.36857 
24910 
-900.777     	5.438 
-977.306     	216.193 
-1067.22     	269.177 
-929.93     	578.423 
-1458.75     	807.242 
-1619.43     	426.286 
-1668.28     	8.36857 
24920 
-901.457     	5.438 
-978.615     	217.595 
-1067.59     	269.063 
-929.517     	579.334 
-1458.71     	805.735 
-1621.38     	427.545 
-1670.71     	8.36857 
24930 
-902.159     	5.438 
-978.948     	217.025 
-1067.68     	269.039 
-930.165     	579.37 
-1457.74     	805.887 
-1625.08     	427.55 
-1670.72     	8.36857 
24940 
-902.865     	5.438 
-978.744     	214.963 
-1072.06     	268.347 
-929.78     	580.093 
-1459.07     	807.037 
-1623.6     	428.83 
-1670.73     	8.36857 
24950 
-903.552     	5.438 
-979.271     	214.915 
-1072.34     	268.424 
-929.915     	578.765 
-1459.19     	807.677 
-1623.11     	428.821 
-1669.97     	8.36857 
24960 
-904.272     	5.438 
-979.803     	214.898 
-1072.87     	268.515 
-930.605     	579.426 
-1459.02     	807.615 
-1622.88     	428.241 
-1670.04     	8.36857 
24970 
-904.968     	5.438 
-980.45     	215.366 
-1073.42     	268.632 
-930.981     	578.886 
-1465.29     	815.603 
-1621.71     	428.522 
-1675.76     	8.36857 
24980 
-905.628     	5.438 
-981.109     	215.522 
-1073.7     	268.636 
-931.256     	578.606 
-1465.36     	815.593 
-1621.71     	428.524 
-1675.3     	8.36857 
24990 
-906.386     	5.438 
-981.694     	215.666 
-1073.96     	268.624 
-932.152     	578.383 
-1464.88     	815.68 
-1621.28     	427.632 
-1675.64     	8.36857 
25000 
-906.704     	5.438 
-982.497     	216.473 
-1074.44     	268.813 
-931.464     	581.29 
-1464.22     	808.69 
-1621.92     	440.705 
-1675.62     	8.36857 
