23000 
-652.463     	7.12912 
-766.466     	6.82862 
-857.536     	185.393 
-927.598     	68.611 
-893.977     	638.795 
-1358.65     	727.296 
-1508.92     	363.671 
-1539.45     	3.96177 
23010 
-646.915     	7.12912 
-767.443     	6.83214 
-857.631     	185.466 
-928.255     	67.7008 
-893.453     	639.076 
-1358.58     	727.218 
-1508.21     	368.664 
-1539.29     	3.96177 
23020 
-650.217     	7.12912 
-768.149     	6.83291 
-858.116     	185.275 
-929.204     	67.3624 
-892.116     	639.271 
-1358.64     	726.646 
-1508.04     	368.661 
-1539.43     	3.96177 
23030 
-555.569     	7.12912 
-768.946     	6.78737 
-859.081     	188.217 
-927.706     	83.6037 
-917.724     	557.606 
-1354.96     	741.498 
-1507.91     	370.695 
-1540.07     	3.96177 
23040 
-456.323     	7.12912 
-770.077     	7.38465 
-859.094     	188.214 
-930.64     	78.5019 
-887.596     	541.554 
-1353.83     	742.589 
-1506.32     	387.309 
-1544.37     	3.96177 
23050 
-363.275     	7.12912 
-770.793     	7.39084 
-859.351     	187.713 
-935.296     	82.591 
-888.101     	541.955 
-1356.02     	741.89 
-1503.5     	385.819 
-1546.24     	3.96177 
23060 
-309.646     	7.12912 
-771.554     	7.37807 
-859.362     	187.399 
-935.296     	84.5552 
-888.117     	541.954 
-1356.08     	741.884 
-1503.5     	385.838 
-1546.25     	3.96177 
23070 
-232.911     	7.12912 
-771.115     	5.8331 
-859.568     	181.899 
-936.117     	84.6448 
-887.004     	539.994 
-1359.08     	746.415 
-1506.95     	382.824 
-1547.29     	3.96177 
23080 
-233.283     	7.12912 
-771.422     	5.83316 
-860.534     	184.61 
-936.113     	84.6193 
-887.011     	539.576 
-1359.25     	746.415 
-1506.75     	382.825 
-1547.82     	3.96177 
23090 
-233.309     	7.12912 
-772.255     	5.83219 
-863.76     	184.745 
-936.36     	84.9257 
-887.254     	542.29 
-1358.44     	745.566 
-1506.9     	381.934 
-1547.52     	3.96177 
23100 
-147.321     	7.12912 
-773.019     	5.87025 
-864.143     	184.588 
-936.057     	88.3174 
-888.354     	540.91 
-1358.91     	745.096 
-1509.79     	377.064 
-1549.11     	3.96177 
23110 
-227.962     	7.12912 
-773.453     	5.87134 
-864.206     	183.394 
-935.893     	88.241 
-888.504     	541.407 
-1358.97     	745.115 
-1509.75     	377.058 
-1548.98     	3.96177 
23120 
-234.613     	7.12912 
-773.388     	5.86101 
-866.003     	183.534 
-938.974     	87.5949 
-888.697     	542.499 
-1358.95     	745.14 
-1514.41     	384.494 
-1548.73     	3.96177 
23130 
-142.519     	7.12912 
-775.305     	5.87177 
-865.71     	186.504 
-938.028     	85.366 
-888.721     	543.322 
-1358.59     	747.003 
-1513.8     	384.548 
-1548.61     	3.96177 
23140 
-109.301     	7.12912 
-775.883     	5.88528 
-867.119     	186.161 
-938.632     	85.5615 
-889.334     	542.573 
-1358.03     	746.914 
-1513.35     	394.412 
-1548.52     	3.96177 
23150 
-109.949     	7.12912 
-776.665     	5.91412 
-867.104     	185.858 
-939.237     	86.2436 
-889.801     	543.134 
-1360.12     	746.637 
-1511.52     	393.388 
-1552.32     	3.96177 
23160 
-119.097     	7.12912 
-777.471     	5.91632 
-867.109     	185.847 
-939.799     	85.6666 
-889.824     	543.04 
-1360.34     	746.634 
-1511.67     	393.16 
-1552.2     	3.96177 
23170 
-126.881     	7.12912 
-778.237     	5.89418 
-867.143     	185.652 
-939.821     	86.1302 
-890.054     	543.596 
-1360.36     	746.566 
-1511.59     	393.394 
-1552.21     	3.96177 
23180 
-134.246     	7.12912 
-778.967     	5.99356 
-867.721     	185.342 
-941.117     	86.2134 
-890.114     	543.795 
-1359.86     	746.632 
-1511.28     	391.954 
-1552.34     	3.96177 
23190 
-133.377     	7.12912 
-779.72     	5.90226 
-867.694     	185.373 
-941.585     	86.056 
-893.205     	544.947 
-1359.47     	746.781 
-1511.31     	392.949 
-1557.96     	3.96177 
23200 
-52.6397     	7.12912 
-780.262     	5.91235 
-869.575     	185.763 
-942.144     	86.2746 
-893.899     	546.019 
-1366.54     	753.939 
-1510.24     	393.402 
-1556.84     	3.96177 
23210 
-61.3526     	7.12912 
-780.726     	5.60559 
-870.362     	185.512 
-942.617     	85.8511 
-894.582     	545.253 
-1364.4     	753.257 
-1510.27     	393.396 
-1556.89     	3.96177 
23220 
6.81085     	7.12912 
-781.811     	5.92474 
-871.113     	188.261 
-943.373     	85.9407 
-894.228     	545.228 
-1364.14     	752.915 
-1512.06     	392.616 
-1557.82     	3.96177 
23230 
98.2929     	7.12912 
-782.248     	5.44866 
-871.914     	188.315 
-945.019     	84.6154 
-890.943     	545.54 
-1364.28     	752.39 
-1514.03     	391.161 
-1559.13     	3.96177 
23240 
96.9155     	7.12912 
-783.015     	5.44642 
-872.298     	188.675 
-943.395     	87.7248 
-892.185     	545.484 
-1366.48     	752.295 
-1516.02     	398.163 
-1559.06     	3.96177 
23250 
96.5438     	7.12912 
-783.015     	5.4464 
-872.989     	186.454 
-944.589     	87.7253 
-892.187     	545.489 
-1365.8     	752.297 
-1516.09     	398.163 
-1559.03     	3.96177 
23260 
97.0054     	7.12912 
-783.015     	5.44597 
-872.99     	186.456 
-945.779     	86.6123 
-892.314     	545.476 
-1365.41     	752.15 
-1515.9     	397.356 
-1558.97     	3.96177 
23270 
176.005     	7.12912 
-785.175     	5.44589 
-872.495     	187.03 
-946.484     	86.7033 
-892.449     	546.456 
-1366.22     	749.763 
-1519.43     	400.909 
-1558.4     	3.96177 
23280 
184.732     	7.12912 
-785.745     	5.37415 
-874.065     	186.959 
-946.514     	87.1909 
-892.539     	546.109 
-1365.59     	749.832 
-1516.2     	401.295 
-1561.28     	3.96177 
23290 
274.896     	7.12912 
-786.438     	5.30098 
-874.652     	187.118 
-947.23     	87.0823 
-892.263     	546.56 
-1365.09     	750.041 
-1517.21     	408.028 
-1563.79     	3.96177 
23300 
335.557     	7.12912 
-785.396     	5.25982 
-874.947     	186.342 
-947.723     	87.2797 
-893.403     	547.1 
-1365.26     	750.037 
-1516.87     	407.191 
-1563.69     	3.96177 
23310 
431.45     	7.12912 
-786.245     	5.19606 
-875.138     	186.099 
-948.235     	87.9194 
-893.736     	546.655 
-1365.11     	749.56 
-1516.64     	406.746 
-1563.71     	3.96177 
23320 
429.18     	7.12912 
-786.945     	5.19735 
-876.63     	186.754 
-950.834     	106.124 
-892.156     	545.305 
-1363.5     	751.422 
-1517.38     	423.107 
-1564.49     	3.96177 
23330 
528.275     	7.12912 
-789.123     	5.13565 
-876.937     	186.29 
-951.233     	106.561 
-896.825     	548.156 
-1365.63     	758.3 
-1518.21     	423.035 
-1564.86     	3.96177 
23340 
527.699     	7.12912 
-789.865     	5.13487 
-877.221     	186.225 
-953.53     	106.546 
-896.803     	548.134 
-1365.11     	758.137 
-1517.94     	421.564 
-1564.89     	3.96177 
23350 
527.009     	7.12912 
-790.547     	5.13464 
-877.605     	185.615 
-954.263     	105.582 
-897.075     	548.258 
-1365.09     	758.02 
-1517.84     	421.232 
-1564.83     	3.96177 
23360 
526.596     	7.12912 
-790.595     	5.13447 
-877.616     	185.727 
-953.417     	105.576 
-896.812     	546.82 
-1364.39     	753.504 
-1521.29     	421.913 
-1563.18     	3.96177 
23370 
524.671     	7.12912 
-791.499     	5.13328 
-877.638     	187.69 
-955.443     	106.271 
-896.729     	548.577 
-1371.34     	753.556 
-1520.77     	422.012 
-1564.06     	3.96177 
23380 
523.68     	7.12912 
-792.19     	5.13327 
-883.536     	188.008 
-960.83     	154.266 
-894.902     	549.627 
-1366.52     	753.531 
-1522.61     	421.505 
-1564.11     	3.96177 
23390 
523.162     	7.12912 
-792.519     	5.13278 
-885.035     	187.211 
-962.736     	167.198 
-895.755     	549.128 
-1367.48     	755.33 
-1522.53     	423.496 
-1564.25     	3.96177 
23400 
591.349     	7.12912 
-793.479     	5.09495 
-885.258     	187.917 
-963.34     	166.859 
-895.575     	548.69 
-1368.16     	752.603 
-1524.62     	423.229 
-1564.76     	3.96177 
23410 
591.348     	7.12912 
-794.258     	5.09479 
-885.26     	187.917 
-963.353     	166.856 
-895.376     	548.69 
-1368.2     	752.601 
-1524.61     	423.229 
-1564.76     	3.96177 
23420 
567.583     	7.12912 
-794.544     	5.10794 
-886.853     	187.913 
-963.505     	166.835 
-895.377     	549.113 
-1367.78     	752.025 
-1530.26     	423.072 
-1564.75     	3.96177 
23430 
619.923     	7.12912 
-795.628     	5.08245 
-886.839     	188.109 
-964.568     	167.427 
-893.242     	546.365 
-1367.15     	756.023 
-1526.36     	427.047 
-1570.61     	3.96177 
23440 
669.267     	7.12912 
-796.436     	5.05998 
-886.856     	188.26 
-965.826     	164.807 
-893.145     	546.063 
-1368.52     	754.898 
-1526.51     	428.124 
-1571.3     	3.96177 
23450 
665.425     	7.12912 
-797.193     	5.05982 
-886.896     	187.813 
-966.528     	165.473 
-892.462     	546.81 
-1368.51     	754.931 
-1525.5     	429.985 
-1572.29     	3.96177 
23460 
660.961     	7.12912 
-798.067     	5.05975 
-886.907     	188.818 
-967.232     	165.475 
-892.582     	546.911 
-1368.48     	754.88 
-1525.5     	429.246 
-1572.2     	3.96177 
23470 
661.777     	7.12912 
-798.267     	5.05975 
-889.99     	188.853 
-967.921     	165.482 
-892.926     	546.851 
-1368.5     	754.764 
-1525.19     	427.716 
-1572.21     	3.96177 
23480 
661.829     	7.12912 
-798.3     	5.05959 
-890.65     	189.013 
-968.618     	165.495 
-893.047     	547.318 
-1369.82     	755.565 
-1527.43     	438.599 
-1572.84     	3.96177 
23490 
736.049     	7.12912 
-799.993     	5.02523 
-890.702     	190.78 
-968.774     	167.997 
-892.607     	549.919 
-1371.64     	756.486 
-1526.63     	434.811 
-1576.36     	3.96177 
23500 
755.722     	7.12912 
-800.717     	5.02524 
-890.904     	190.492 
-969.598     	168.071 
-892.804     	547.859 
-1371.5     	758.046 
-1527.46     	434.816 
-1578.53     	3.96177 
23510 
757.993     	7.12912 
-800.759     	5.02181 
-892.794     	190.47 
-970.163     	166.08 
-892.949     	548.841 
-1371.13     	758.042 
-1527.81     	440.48 
-1578.3     	3.96177 
23520 
757.275     	7.12912 
-802.014     	5.02066 
-892.846     	190.395 
-971.265     	166.105 
-893.259     	548.723 
-1370.79     	757.659 
-1527.23     	446.129 
-1578.37     	3.96177 
23530 
757.134     	7.12912 
-802.785     	5.01763 
-892.768     	190.324 
-971.865     	165.721 
-894.943     	549.368 
-1370.71     	757.75 
-1527.09     	445.322 
-1578.5     	3.96177 
23540 
816.277     	7.12912 
-803.574     	5.01534 
-893.078     	190.464 
-972.16     	165.805 
-897.292     	549.671 
-1370.62     	758.076 
-1529.01     	444.866 
-1579.36     	3.96177 
23550 
796.988     	7.12912 
-804.354     	5.01228 
-893.083     	190.48 
-972.632     	166.075 
-898.414     	550.103 
-1370.73     	756.613 
-1529.01     	444.74 
-1579.33     	3.96177 
23560 
880.789     	7.12912 
-804.828     	4.95886 
-895.03     	190.408 
-973.141     	166.191 
-899.372     	550.801 
-1370.99     	756.98 
-1533.19     	438.507 
-1579.23     	3.96177 
23570 
927.137     	7.12912 
-805.666     	4.93994 
-894.825     	190.897 
-973.93     	166.457 
-898.809     	551.125 
-1369.47     	757.628 
-1532.28     	454.131 
-1579.78     	3.96177 
23580 
982.783     	7.12912 
-806.352     	4.91784 
-895.348     	190.564 
-974.727     	166.274 
-898.611     	551.063 
-1369.45     	757.611 
-1531.97     	453.721 
-1579.9     	3.96177 
23590 
1019.51     	7.12912 
-807.19     	4.90691 
-895.493     	191.37 
-976.065     	163.177 
-897.83     	551.9 
-1371.49     	757.949 
-1531.8     	447.431 
-1584.08     	3.96177 
23600 
1019.58     	7.12912 
-807.982     	4.90674 
-895.499     	191.364 
-976.732     	163.197 
-897.824     	551.907 
-1371.48     	757.955 
-1531.77     	447.442 
-1584.08     	3.96177 
23610 
1098.39     	7.12912 
-808.732     	4.9111 
-895.654     	191.073 
-977.031     	163.318 
-900.344     	554.162 
-1377.89     	760.298 
-1530.54     	447.812 
-1583.5     	3.96177 
23620 
1074.53     	7.12912 
-808.558     	4.90996 
-899.015     	191.44 
-977.851     	163.121 
-900.957     	552.646 
-1379.25     	759.977 
-1531.1     	445.199 
-1583.5     	3.96177 
23630 
1057.94     	7.12912 
-809.663     	4.90953 
-899.545     	191.552 
-979.276     	154.234 
-900.988     	551.568 
-1389.51     	769.398 
-1553.11     	356.345 
-1583.41     	3.96177 
23640 
1020.32     	7.12912 
-810.525     	4.90702 
-899.54     	191.177 
-979.363     	153.855 
-901.037     	551.549 
-1389.5     	769.257 
-1552.98     	356.086 
-1581.02     	3.96177 
23650 
1004.21     	7.12912 
-811.309     	4.90477 
-899.506     	191.977 
-978.689     	155.514 
-902.631     	552.596 
-1389.33     	767.544 
-1552.87     	365.941 
-1580.98     	3.96177 
23660 
985.491     	7.12912 
-812.573     	4.91693 
-897.713     	193.901 
-980.282     	156.164 
-903.898     	553.028 
-1390.56     	765.076 
-1553.27     	366.722 
-1582.05     	3.96177 
23670 
986.09     	7.12912 
-813.317     	4.91677 
-897.985     	193.829 
-980.648     	164.269 
-903.185     	555.167 
-1393.16     	764.977 
-1553.08     	367.052 
-1581.85     	3.96177 
23680 
944.587     	7.12912 
-814.012     	4.92491 
-898.177     	192.766 
-981.339     	164.488 
-902.216     	556.576 
-1392.98     	764.681 
-1554.53     	365.85 
-1582.24     	3.96177 
23690 
947.206     	7.12912 
-814.773     	4.92446 
-898.152     	192.298 
-981.996     	164.281 
-903.078     	555.094 
-1394.02     	765.373 
-1552.75     	365.946 
-1584.13     	3.96177 
23700 
967.866     	7.12912 
-815.555     	4.9156 
-898.151     	192.292 
-982.586     	164.194 
-903.864     	555.864 
-1393.86     	765.414 
-1552.53     	365.576 
-1584.04     	3.96177 
23710 
967.146     	7.12912 
-816.133     	4.91561 
-900.086     	193.354 
-981.618     	172.498 
-902.109     	556.481 
-1393.96     	769.685 
-1556.74     	366.659 
-1584.55     	3.96177 
23720 
966.424     	7.12912 
-816.951     	4.91556 
-899.898     	193.507 
-982.508     	171.201 
-902.951     	554.009 
-1393.9     	769.586 
-1556.63     	366.285 
-1584.5     	3.96177 
23730 
884.707     	7.12912 
-817.581     	4.96759 
-902.24     	195.84 
-982.897     	171.282 
-905.011     	556.687 
-1394.62     	769.641 
-1557.45     	367.213 
-1587.31     	3.96177 
23740 
863.848     	7.12912 
-817.987     	4.96545 
-904.325     	194.689 
-985.307     	171.123 
-905.177     	556.207 
-1394.92     	769.763 
-1556.94     	370.393 
-1587.36     	3.96177 
23750 
861.076     	7.12912 
-818.748     	4.96404 
-904.495     	194.528 
-985.766     	171.113 
-905.298     	556.09 
-1395.49     	771.381 
-1557.07     	371.482 
-1587.61     	3.96177 
23760 
857.391     	7.12912 
-819.208     	4.96406 
-906.728     	194.458 
-989.184     	170.556 
-905.303     	556.118 
-1394.62     	769.862 
-1555.7     	381.2 
-1587.34     	3.96177 
23770 
840.64     	7.12912 
-819.993     	4.96273 
-906.868     	194.819 
-989.805     	170.674 
-905.06     	556.151 
-1394.42     	769.862 
-1560.05     	381.212 
-1587.27     	3.96177 
23780 
840.637     	7.12912 
-820.8     	4.96273 
-906.803     	194.873 
-989.779     	170.99 
-905.059     	556.152 
-1394.33     	769.805 
-1560.03     	379.801 
-1587.28     	3.96177 
23790 
835.811     	7.12912 
-821.808     	4.96269 
-904.776     	194.862 
-991.073     	170.955 
-905.327     	555.855 
-1394.33     	769.586 
-1560.03     	379.794 
-1587.28     	3.96177 
23800 
784.764     	7.12912 
-822.585     	4.99974 
-905.072     	194.2 
-991.673     	169.948 
-906.026     	555.264 
-1394.42     	769.563 
-1560.13     	379.422 
-1589.23     	3.96177 
23810 
784.308     	7.12912 
-823.329     	5.00057 
-905.406     	194.189 
-992.688     	169.773 
-905.461     	555.839 
-1394.37     	769.514 
-1559.95     	378.994 
-1593.7     	3.96177 
23820 
802.241     	7.12912 
-824.023     	4.99155 
-906.031     	194.212 
-993.309     	167.941 
-905.724     	558.064 
-1403.67     	769.53 
-1560.93     	378.729 
-1594.11     	3.96177 
23830 
815.211     	7.12912 
-824.725     	4.97587 
-907.702     	196.809 
-991.259     	168.861 
-905.094     	560.629 
-1401.88     	770.946 
-1560.69     	376.027 
-1595.32     	3.96177 
23840 
814.493     	7.12912 
-825.323     	4.9746 
-908.182     	196.21 
-992.04     	168.754 
-905.045     	560.593 
-1401.31     	771.509 
-1560.7     	376.026 
-1595.35     	3.96177 
23850 
814.475     	7.12912 
-825.333     	4.97429 
-909.318     	197.387 
-993.284     	167.14 
-904.53     	559.678 
-1401.54     	771.55 
-1560.36     	376.309 
-1595.18     	3.96177 
23860 
733.713     	7.12912 
-826.23     	5.01421 
-909.711     	197.26 
-992.755     	169.423 
-908.606     	560.261 
-1402.89     	773.028 
-1562.65     	376.651 
-1598.73     	3.96177 
23870 
736.182     	7.12912 
-827.107     	5.00845 
-909.79     	197.209 
-992.889     	169.422 
-908.633     	560.248 
-1402.84     	773.139 
-1562.59     	376.503 
-1598.67     	3.96177 
23880 
736.151     	7.12912 
-827.115     	5.00844 
-910.865     	197.205 
-994.262     	169.358 
-908.602     	560.242 
-1402.85     	773.139 
-1562.48     	376.503 
-1598.65     	3.96177 
23890 
733.195     	7.12912 
-828.858     	5.00835 
-911.61     	198.053 
-995.295     	169.082 
-907.731     	558.718 
-1404.8     	771.853 
-1566.5     	374.64 
-1598.73     	3.96177 
23900 
728.6     	7.12912 
-829.694     	5.00835 
-911.97     	197.85 
-996.03     	168.236 
-908.449     	558.822 
-1404.8     	771.854 
-1565.85     	374.666 
-1598.23     	3.96177 
23910 
727.615     	7.12912 
-830.442     	5.00736 
-911.99     	197.844 
-996.898     	167.903 
-908.444     	559.363 
-1404.64     	771.865 
-1565.66     	374.679 
-1598.1     	3.96177 
23920 
724.913     	7.12912 
-830.742     	5.00769 
-913.142     	197.86 
-997.548     	167.794 
-908.447     	560.192 
-1404.02     	772.545 
-1565.55     	374.665 
-1597.7     	3.96177 
23930 
721.469     	7.12912 
-831.872     	5.00768 
-913.146     	197.749 
-998.206     	167.787 
-908.453     	560.185 
-1404.02     	772.544 
-1565.55     	374.663 
-1597.7     	3.96177 
23940 
720.081     	7.12912 
-832.525     	5.00786 
-913.922     	197.332 
-999.097     	166.328 
-908.991     	560.116 
-1404.43     	774.982 
-1567.59     	396.649 
-1597.89     	3.96177 
23950 
624.273     	7.12912 
-833.279     	5.0533 
-914.197     	197.171 
-998.629     	170.082 
-911.987     	561.972 
-1406.14     	775.515 
-1567.54     	395.706 
-1599.7     	3.96177 
23960 
624.25     	7.12912 
-834.058     	5.05304 
-914.197     	197.171 
-999.402     	170.184 
-911.821     	561.887 
-1405.64     	775.734 
-1567.35     	395.32 
-1599.69     	3.96177 
23970 
624.43     	7.12912 
-833.834     	5.05276 
-915.565     	197.204 
-999.813     	170.348 
-911.795     	561.932 
-1405.22     	775.596 
-1567.14     	394.36 
-1599.73     	3.96177 
23980 
619.909     	7.12912 
-835.434     	5.05257 
-915.568     	201.084 
-1000.69     	170.346 
-911.783     	561.928 
-1405.14     	775.592 
-1567.3     	394.359 
-1599.73     	3.96177 
23990 
589.839     	7.12912 
-835.854     	5.07112 
-919.097     	198.922 
-1001.34     	170.205 
-912.466     	561.719 
-1405.74     	777.612 
-1569.25     	392.991 
-1604.33     	3.96177 
24000 
589.71     	7.12912 
-836.596     	5.07113 
-919.27     	198.685 
-1001.94     	170.391 
-912.557     	561.598 
-1405.8     	777.475 
-1569.23     	392.513 
-1604.66     	3.96177 
