15000 
-231.987     	1.74481 
-626.388     	387.629 
-903.819     	475.864 
-1029.47     	169.894 
-1018.29     	4.36329 
15010 
-232.545     	1.74481 
-626.362     	387.875 
-901.973     	478.153 
-1006.84     	235.458 
-1021.68     	4.36329 
15020 
-232.955     	1.74481 
-627.337     	387.947 
-911.422     	476.689 
-1006.07     	232.8 
-1021.18     	4.36329 
15030 
-233.429     	1.74481 
-627.538     	387.772 
-911.334     	475.741 
-1006.2     	232.838 
-1022.01     	4.36329 
15040 
-233.893     	1.74481 
-627.8     	387.566 
-909.737     	475.583 
-1006.02     	232.206 
-1022.16     	4.36329 
15050 
-234.536     	1.74481 
-629.549     	390.244 
-910.65     	475.116 
-1006.76     	232.129 
-1028.54     	4.36329 
15060 
-234.94     	1.74481 
-631.508     	391.213 
-910.667     	475.119 
-1006.75     	232.37 
-1027.95     	4.36329 
15070 
-235.43     	1.74481 
-631.93     	391.379 
-911.62     	476.214 
-1006.94     	235.078 
-1027.47     	4.36329 
15080 
-235.995     	1.74481 
-632.008     	391.809 
-911.846     	475.758 
-1007.21     	236.324 
-1026.97     	4.36329 
15090 
-236.58     	1.74481 
-632.134     	392.441 
-912.843     	476.81 
-1007.73     	236.53 
-1027.15     	4.36329 
15100 
-237.08     	1.74481 
-632.245     	392.38 
-912.759     	476.754 
-1007.69     	236.317 
-1029.04     	4.36329 
15110 
-237.616     	1.74481 
-632.603     	392.86 
-913.029     	479.709 
-1008.49     	238.104 
-1028.94     	4.36329 
15120 
-238.061     	1.74481 
-633.256     	392.889 
-913.037     	479.408 
-1010.6     	234.782 
-1028.47     	4.36329 
15130 
-238.495     	1.74481 
-635.487     	394.373 
-912.162     	477.818 
-1012.27     	233.19 
-1028.78     	4.36329 
15140 
-238.86     	1.74481 
-636.497     	394.11 
-912.825     	477.643 
-1015.13     	238.218 
-1029.01     	4.36329 
15150 
-239.334     	1.74481 
-637.074     	394.297 
-912.61     	477.851 
-1015.21     	239.357 
-1029     	4.36329 
15160 
-239.773     	1.74481 
-640.47     	396.99 
-912.117     	477.611 
-1016.84     	232.038 
-1029.84     	4.36329 
15170 
-240.103     	1.74481 
-641.649     	396.601 
-915.003     	478.791 
-1018.42     	232.219 
-1029.8     	4.36329 
15180 
-240.559     	1.74481 
-644.758     	399.119 
-915.309     	477.762 
-1018.35     	230.404 
-1029.95     	4.36329 
15190 
-240.967     	1.74481 
-646.604     	400.099 
-914.311     	480.581 
-1017.34     	245.051 
-1031.16     	4.36329 
15200 
-241.402     	1.74481 
-647.88     	400.573 
-917.297     	482.731 
-1013.59     	248.383 
-1033.83     	4.36329 
15210 
-242.026     	1.74481 
-647.459     	400.999 
-919.621     	480.789 
-1013.06     	244.257 
-1036.05     	4.36329 
15220 
-242.566     	1.74481 
-647.647     	401.348 
-919.416     	481.037 
-1013.16     	244.372 
-1044.12     	4.36329 
15230 
-243.207     	1.74481 
-646.42     	401.14 
-918.513     	484.022 
-1012.68     	249.009 
-1043.28     	4.36329 
15240 
-243.709     	1.74481 
-647.116     	401.688 
-918.782     	482.421 
-1012.42     	248.363 
-1042.03     	4.36329 
15250 
-244.304     	1.74481 
-646.578     	401.771 
-918.537     	482.468 
-1015.49     	239.305 
-1039.29     	4.36329 
15260 
-244.788     	1.74481 
-647.159     	402.052 
-918.579     	481.884 
-1022.39     	239.598 
-1039.07     	4.36329 
15270 
-245.281     	1.74481 
-647.785     	402.451 
-918.428     	484.212 
-1022.37     	246.212 
-1041.95     	4.36329 
15280 
-245.726     	1.74481 
-648.534     	403.059 
-922.62     	485.693 
-1016.95     	246.248 
-1044.57     	4.36329 
15290 
-246.202     	1.74481 
-650.926     	404.58 
-922.385     	484.838 
-1016.37     	249.723 
-1047.52     	4.36329 
15300 
-246.759     	1.74481 
-650.843     	404.812 
-922.248     	483.965 
-1016.16     	249.157 
-1046     	4.36329 
15310 
-247.161     	1.74481 
-651.746     	405.458 
-922.549     	482.623 
-1010.98     	271.633 
-1052.08     	4.36329 
15320 
-247.756     	1.74481 
-652.335     	405.974 
-921.54     	482.054 
-1010.85     	270.755 
-1050.55     	4.36329 
15330 
-248.406     	1.74481 
-650.918     	405.653 
-926.381     	482.112 
-1013.69     	272.06 
-1052.36     	4.36329 
15340 
-248.938     	1.74481 
-650.954     	405.801 
-926.013     	481.44 
-1013.61     	272.021 
-1050.23     	4.36329 
15350 
-249.364     	1.74481 
-652.704     	406.861 
-925.356     	485.638 
-1018.23     	271.184 
-1049.74     	4.36329 
15360 
-249.904     	1.74481 
-653.123     	407.365 
-924.891     	485.451 
-1018     	270.258 
-1049.36     	4.36329 
15370 
-250.461     	1.74481 
-653.034     	407.591 
-924.853     	485.376 
-1017.52     	268.696 
-1048.62     	4.36329 
15380 
-251.021     	1.74481 
-652.875     	407.801 
-925.634     	484.52 
-1018.57     	262.234 
-1048.68     	4.36329 
15390 
-251.569     	1.74481 
-652.853     	408.064 
-929.267     	483.75 
-1027.04     	230.591 
-1046.75     	4.36329 
15400 
-252.088     	1.74481 
-652.873     	408.052 
-926.888     	483.766 
-1018.95     	264.633 
-1052.51     	4.36329 
15410 
-252.607     	1.74481 
-652.873     	408.204 
-926.986     	483.834 
-1018.91     	264.303 
-1052.41     	4.36329 
15420 
-253.278     	1.74481 
-652.109     	408.623 
-927.809     	487.841 
-1021.53     	270.829 
-1056.96     	4.36329 
15430 
-253.475     	1.74481 
-656.676     	410.437 
-928.249     	487.303 
-1021.37     	269.586 
-1056.55     	4.36329 
15440 
-254.029     	1.74481 
-656.844     	410.92 
-927.859     	486.91 
-1021.41     	281.635 
-1054.73     	4.36329 
15450 
-254.603     	1.74481 
-656.71     	411.27 
-927.644     	487.122 
-1021.1     	278.834 
-1054.16     	4.36329 
15460 
-255.151     	1.74481 
-656.713     	411.533 
-926.925     	487.182 
-1022.08     	279.706 
-1054.21     	4.36329 
15470 
-255.599     	1.74481 
-658.23     	412.461 
-927.801     	487.121 
-1022.83     	274.59 
-1055.03     	4.36329 
15480 
-255.993     	1.74481 
-658.916     	412.114 
-934.567     	490.729 
-1026.24     	258.52 
-1062.73     	4.36329 
15490 
-256.562     	1.74481 
-658.544     	413.078 
-934.425     	489.216 
-1027.36     	257.907 
-1062.39     	4.36329 
15500 
-257.139     	1.74481 
-659.79     	413.936 
-933.704     	489.157 
-1028.39     	264.213 
-1060.1     	4.36329 
15510 
-257.696     	1.74481 
-659.604     	414.104 
-934.152     	489.293 
-1028.34     	262.445 
-1059.07     	4.36329 
15520 
-258.176     	1.74481 
-660.614     	414.82 
-935.281     	489.208 
-1028.4     	260.786 
-1058.44     	4.36329 
15530 
-258.587     	1.74481 
-661.788     	415.589 
-936.879     	490.671 
-1030.08     	256.753 
-1061.07     	4.36329 
15540 
-259.204     	1.74481 
-661.612     	415.789 
-935.134     	490.236 
-1036.87     	255.434 
-1054.96     	4.36329 
15550 
-259.727     	1.74481 
-661.713     	415.914 
-939.755     	490.827 
-1032.87     	254.193 
-1058.33     	4.36329 
15560 
-260.318     	1.74481 
-661.242     	416.098 
-940.002     	491.491 
-1033.43     	253.257 
-1062.06     	4.36329 
15570 
-260.775     	1.74481 
-662.695     	417.049 
-940.091     	492.981 
-1033.7     	254.529 
-1062.98     	4.36329 
15580 
-261.356     	1.74481 
-662.082     	417.006 
-939.988     	491.81 
-1035.14     	252.663 
-1060.31     	4.36329 
15590 
-261.909     	1.74481 
-661.96     	417.211 
-940.479     	491.977 
-1036.42     	247.032 
-1060.81     	4.36329 
15600 
-262.882     	1.74481 
-655.461     	414.68 
-941.567     	493.283 
-1038.05     	257.468 
-1061.87     	4.36329 
15610 
-263.389     	1.74481 
-655.519     	414.658 
-941.946     	493.283 
-1038.54     	248.172 
-1062.1     	4.36329 
15620 
-263.903     	1.74481 
-655.633     	414.732 
-942.094     	493.418 
-1040.4     	246.379 
-1061.44     	4.36329 
15630 
-264.396     	1.74481 
-655.709     	414.59 
-942.417     	493.075 
-1038.55     	249.902 
-1062.95     	4.36329 
15640 
-264.559     	1.74481 
-663.036     	418.947 
-944.302     	490.94 
-1040.63     	244.998 
-1063.56     	4.36329 
15650 
-265.053     	1.74481 
-663.638     	419.367 
-944.781     	495.42 
-1043.26     	243.909 
-1062.87     	4.36329 
15660 
-265.479     	1.74481 
-665.667     	420.642 
-946.047     	493.986 
-1043.95     	243.884 
-1063.4     	4.36329 
15670 
-279.17     	1.74481 
-666.424     	421.291 
-947.003     	493.952 
-1043.9     	243.866 
-1068.59     	4.36329 
15680 
-279.774     	1.74481 
-666.178     	421.428 
-947.471     	492.378 
-1043.78     	243.655 
-1067.38     	4.36329 
15690 
-280.33     	1.74481 
-666.084     	421.634 
-948.214     	496.42 
-1045.38     	242.764 
-1067.19     	4.36329 
15700 
-280.854     	1.74481 
-666.482     	422.062 
-948.139     	496.266 
-1045.4     	242.788 
-1066.83     	4.36329 
15710 
-281.442     	1.74481 
-665.869     	422.042 
-948.388     	496.234 
-1045.45     	242.775 
-1076.08     	4.36329 
15720 
-281.993     	1.74481 
-665.841     	422.29 
-947.211     	495.609 
-1045.18     	242.409 
-1074.33     	4.36329 
15730 
-282.508     	1.74481 
-666.393     	422.792 
-947.853     	495.453 
-1052.29     	244.601 
-1067.15     	4.36329 
15740 
-283.049     	1.74481 
-666.521     	423.108 
-947.75     	498.157 
-1049.87     	244.066 
-1068.27     	4.36329 
15750 
-283.617     	1.74481 
-666.234     	423.246 
-947.533     	497.245 
-1049.59     	243.036 
-1069.43     	4.36329 
15760 
-283.981     	1.74481 
-665.845     	421.094 
-947.807     	498.141 
-1050.08     	248.679 
-1069.89     	4.36329 
15770 
-284.652     	1.74481 
-666.018     	423.677 
-951.933     	494.723 
-1050.13     	248.674 
-1070.87     	4.36329 
15780 
-285.189     	1.74481 
-666.7     	423.821 
-952.399     	501.097 
-1050.46     	246.021 
-1080.3     	4.36329 
15790 
-285.863     	1.74481 
-665.509     	424.04 
-952.979     	500.012 
-1051.64     	245.572 
-1072.62     	4.36329 
15800 
-286.395     	1.74481 
-665.558     	424.179 
-951.742     	498.134 
-1052.11     	245.205 
-1072.79     	4.36329 
15810 
-286.957     	1.74481 
-665.578     	424.621 
-951.74     	498.194 
-1057.1     	247.401 
-1074.21     	4.36329 
15820 
-287.49     	1.74481 
-665.734     	424.881 
-951.738     	500.882 
-1056.46     	242.243 
-1072.87     	4.36329 
15830 
-287.996     	1.74481 
-665.932     	424.909 
-952.204     	500.596 
-1056.33     	241.841 
-1075.81     	4.36329 
15840 
-288.64     	1.74481 
-665.123     	425.329 
-955.233     	499.539 
-1057.39     	241.607 
-1075.33     	4.36329 
15850 
-289.072     	1.74481 
-666.372     	425.707 
-954.715     	500.057 
-1057.07     	249.025 
-1075.01     	4.36329 
15860 
-289.596     	1.74481 
-666.423     	425.756 
-954.479     	499.864 
-1056.83     	248.834 
-1078.49     	4.36329 
15870 
-289.986     	1.74481 
-669.24     	427.431 
-954.682     	499.869 
-1055.95     	253.278 
-1077.99     	4.36329 
15880 
-290.501     	1.74481 
-670.153     	428.351 
-953.77     	499.814 
-1053.59     	259.368 
-1079.61     	4.36329 
15890 
-290.976     	1.74481 
-671.301     	429.099 
-959.906     	499.813 
-1053.68     	259.371 
-1081.02     	4.36329 
15900 
-291.541     	1.74481 
-671.029     	429.25 
-959.556     	502.512 
-1054.21     	259.785 
-1083.98     	4.36329 
15910 
-291.991     	1.74481 
-672.535     	430.116 
-959.615     	502.376 
-1054.29     	259.906 
-1082.38     	4.36329 
15920 
-292.52     	1.74481 
-672.436     	430.068 
-958.501     	501.722 
-1054.38     	259.687 
-1082.37     	4.36329 
15930 
-293.092     	1.74481 
-672.456     	430.649 
-958.333     	501.854 
-1056.34     	261.38 
-1087.88     	4.36329 
15940 
-293.696     	1.74481 
-671.522     	430.519 
-958.296     	501.896 
-1054.23     	272.861 
-1084.03     	4.36329 
15950 
-294.143     	1.74481 
-673.122     	431.461 
-957.522     	500.681 
-1057.07     	284.374 
-1083.75     	4.36329 
15960 
-294.694     	1.74481 
-673.059     	431.699 
-957.46     	500.414 
-1056.4     	279.747 
-1084.77     	4.36329 
15970 
-295.235     	1.74481 
-673.123     	431.992 
-957.365     	500.275 
-1056.43     	279.466 
-1084.78     	4.36329 
15980 
-295.567     	1.74481 
-673.879     	432.554 
-960.916     	503.295 
-1058.65     	275.06 
-1085.86     	4.36329 
15990 
-296.156     	1.74481 
-675.936     	433.746 
-959.865     	503.226 
-1056.99     	288.802 
-1088.33     	4.36329 
16000 
-296.731     	1.74481 
-675.431     	433.772 
-959.81     	503.242 
-1056.5     	284.642 
-1088.59     	4.36329 
