26000 
-998.606     	1.38839 
-1052.05     	129.009 
-1013.82     	268.811 
-1096.28     	137.287 
-1141.44     	415.187 
-908.075     	539.129 
-1529.57     	859.864 
-1708.1     	365.392 
-1738.78     	-2.31465 
26010 
-999.741     	1.38839 
-1052.09     	101.147 
-1023.01     	268.86 
-1095.25     	111.84 
-1129.17     	411.936 
-908.142     	539.196 
-1529.56     	860.287 
-1708.1     	365.395 
-1738.69     	-2.31465 
26020 
-1000.65     	1.38839 
-1052.48     	101.153 
-1023.11     	268.829 
-1095.85     	109.86 
-1131.05     	411.167 
-909.883     	540.618 
-1531.42     	859.233 
-1707.3     	367.303 
-1737.04     	-2.31465 
26030 
-1001.47     	1.38839 
-1055.11     	103.064 
-1024.3     	263.568 
-1097.35     	109.098 
-1132.83     	411.157 
-910.099     	541.319 
-1530.57     	858.653 
-1710.7     	366.592 
-1737.18     	-2.31465 
26040 
-1002.34     	1.38839 
-1055.5     	102.107 
-1024.74     	263.809 
-1097.32     	109.076 
-1133.6     	410.998 
-910.294     	541.615 
-1530.55     	858.654 
-1710.7     	366.593 
-1737.03     	-2.31465 
26050 
-1003.25     	1.38839 
-1055.49     	102.116 
-1027.71     	265.358 
-1102.11     	112.392 
-1134.79     	410.72 
-910.777     	541.938 
-1530.5     	858.827 
-1710.51     	366.437 
-1736.5     	-2.31465 
26060 
-1001.46     	1.38839 
-1053.3     	87.9943 
-1032.44     	260.457 
-1098.39     	120.72 
-1139.12     	410.931 
-913.587     	545.223 
-1534.51     	855.61 
-1713.58     	363.366 
-1742.49     	-2.31465 
26070 
-1000.6     	1.38839 
-1053.3     	82.9941 
-1033.31     	256.945 
-1099.63     	119.633 
-1139.78     	410.304 
-913.557     	545.365 
-1534.64     	855.622 
-1713.23     	363.139 
-1742.43     	-2.31465 
26080 
-1001.53     	1.38839 
-1053.3     	83.1117 
-1033.56     	256.399 
-1099.95     	118.849 
-1139.99     	410.172 
-913.533     	545.405 
-1534.44     	855.623 
-1713.09     	362.65 
-1742.32     	-2.31465 
26090 
-992.991     	1.38839 
-1056.31     	78.3057 
-1036.53     	250.797 
-1101.73     	118.626 
-1138.62     	408.283 
-914.363     	545.107 
-1533.84     	857.887 
-1714.61     	361.851 
-1741.79     	-2.31465 
26100 
-992     	1.38839 
-1057.51     	78.0091 
-1036.78     	250.335 
-1102.12     	117.516 
-1139.37     	408.39 
-914.055     	545.23 
-1533.77     	857.895 
-1714.62     	361.717 
-1741.75     	-2.31465 
26110 
-993.045     	1.38839 
-1058.54     	78.5797 
-1036.96     	247.918 
-1102.67     	117.218 
-1139.87     	408.425 
-927.1     	551.886 
-1533.22     	857.833 
-1714.74     	361.718 
-1741.77     	-2.31465 
26120 
-993.972     	1.38839 
-1059.02     	78.5353 
-1037.85     	246.177 
-1104.6     	118.44 
-1138.9     	405.939 
-927.513     	552.178 
-1533.28     	858.043 
-1714.33     	381.217 
-1743.94     	-2.31465 
26130 
-994.618     	1.38839 
-1059.7     	78.8744 
-1038.31     	247.053 
-1104.62     	118.168 
-1138.81     	405.903 
-927.488     	552.237 
-1532.98     	857.899 
-1713.76     	381.053 
-1743.29     	-2.31465 
26140 
-990.296     	1.38839 
-1064.27     	76.7503 
-1035.64     	252.152 
-1103.66     	119.765 
-1137.1     	406.184 
-928.427     	551.709 
-1533.59     	857.268 
-1714.65     	380.982 
-1744.32     	-2.31465 
26150 
-993.073     	1.38839 
-1065.26     	77.3012 
-1036.62     	252.726 
-1104.1     	118.318 
-1137.5     	405.738 
-927.852     	552.773 
-1533.54     	857.292 
-1714.87     	380.931 
-1744.35     	-2.31465 
26160 
-994.96     	1.38839 
-1065.7     	78.3262 
-1037.28     	250.869 
-1104.64     	118.111 
-1138.02     	405.324 
-927.695     	553.121 
-1534.15     	857.306 
-1714.72     	380.926 
-1744.47     	-2.31465 
26170 
-995.286     	1.38839 
-1066.4     	79.1844 
-1037.28     	251.492 
-1105.66     	117.251 
-1138.37     	405.25 
-927.902     	553.228 
-1533.83     	857.395 
-1714.73     	380.781 
-1750.22     	-2.31465 
26180 
-994.344     	1.38839 
-1067.13     	77.4221 
-1035.88     	261.785 
-1107.85     	117.594 
-1139.25     	404.211 
-927.908     	553.235 
-1533.85     	858.074 
-1710.28     	396.431 
-1751.92     	-2.31465 
26190 
-997.753     	1.38839 
-1063.67     	78.9388 
-1037.3     	263.042 
-1107.53     	117.988 
-1143.79     	405.107 
-926.302     	553.117 
-1541.67     	860.03 
-1710.84     	396.611 
-1752.29     	-2.31465 
26200 
-997.774     	1.38839 
-1064.19     	78.982 
-1036.88     	263.074 
-1107.9     	117.813 
-1144.03     	405.043 
-926.271     	553.139 
-1541.66     	860.05 
-1710.81     	396.536 
-1752.26     	-2.31465 
26210 
-999.187     	1.38839 
-1062.77     	76.4921 
-1041.51     	261.431 
-1107.91     	117.197 
-1146.06     	405.999 
-926.065     	553.836 
-1543.5     	858.942 
-1713.27     	393.482 
-1752.91     	-2.31465 
26220 
-1001.03     	1.38839 
-1065.43     	76.3435 
-1042.32     	259.946 
-1108.38     	116.479 
-1147.38     	405.595 
-926.19     	553.922 
-1542.9     	859.022 
-1713.26     	407.986 
-1752.18     	-2.31465 
26230 
-1001.99     	1.38839 
-1065.75     	79.6357 
-1043.35     	256.398 
-1108.03     	119.982 
-1147.52     	403.879 
-926.132     	553.982 
-1542.52     	859.012 
-1713.14     	407.398 
-1752.16     	-2.31465 
26240 
-1003.19     	1.38839 
-1066.44     	79.1622 
-1043.91     	257.125 
-1108.4     	119.773 
-1148.93     	402.715 
-926.485     	554.114 
-1542.23     	859.487 
-1717.7     	408.496 
-1752.02     	-2.31465 
26250 
-1003.68     	1.38839 
-1066.96     	79.0357 
-1043.99     	257.061 
-1109.61     	119.526 
-1148.94     	402.722 
-926.377     	554.211 
-1542.34     	859.494 
-1717.07     	407.371 
-1751.86     	-2.31465 
26260 
-1004.77     	1.38839 
-1067.82     	79.4547 
-1043.96     	259.685 
-1110.67     	126.131 
-1148.64     	404.404 
-927.508     	554.256 
-1540.95     	861.061 
-1718.41     	409.319 
-1753.54     	-2.31465 
26270 
-1005.99     	1.38839 
-1068.34     	79.841 
-1044.8     	259.658 
-1110.97     	126.12 
-1150.88     	404.056 
-930.747     	555.488 
-1539.91     	862.182 
-1718.6     	408.786 
-1753.04     	-2.31465 
26280 
-1007     	1.38839 
-1068.6     	79.8667 
-1046.04     	259.652 
-1111.65     	126.022 
-1150.89     	404.049 
-931.335     	556.026 
-1540.08     	862.101 
-1718.09     	408.757 
-1753.06     	-2.31465 
26290 
-1007.45     	1.38839 
-1069.37     	79.6081 
-1046.43     	258.911 
-1112.12     	125.069 
-1151.13     	403.897 
-932.146     	556.109 
-1539.81     	862.233 
-1718.14     	408.758 
-1753.06     	-2.31465 
26300 
-1007.78     	1.38839 
-1070.51     	80.2619 
-1047.04     	258.757 
-1112.58     	123.773 
-1150.99     	403.734 
-931.922     	556.395 
-1539.43     	862.083 
-1718.12     	417.869 
-1753.1     	-2.31465 
26310 
-1010.08     	1.38839 
-1070.45     	82.0483 
-1047.69     	258.105 
-1113.12     	123.231 
-1151.14     	403.565 
-931.908     	556.522 
-1539.25     	862.211 
-1717.95     	417.414 
-1753.36     	-2.31465 
26320 
-1010.45     	1.38839 
-1071.21     	82.0589 
-1049.94     	255.467 
-1116.48     	115.998 
-1151.33     	403.242 
-932.369     	556.968 
-1538.55     	861.711 
-1718.39     	416.767 
-1756.15     	-2.31465 
26330 
-1010.23     	1.38839 
-1071.71     	80.7564 
-1049.98     	255.407 
-1117.91     	116.307 
-1151.56     	402.954 
-933.946     	557.896 
-1538.4     	861.594 
-1718.22     	415.159 
-1762.41     	-2.31465 
26340 
-1010.13     	1.38839 
-1072.39     	79.9726 
-1050.25     	255.187 
-1117.94     	114.838 
-1151.66     	402.902 
-934.976     	557.996 
-1538.15     	863.474 
-1717.85     	415.083 
-1762.26     	-2.31465 
26350 
-1010.6     	1.38839 
-1072.92     	79.8549 
-1050.33     	255.183 
-1119.05     	114.813 
-1151.66     	402.91 
-934.982     	558.503 
-1538.18     	862.173 
-1717.71     	418.924 
-1762.09     	-2.31465 
26360 
-1011.35     	1.38839 
-1075.07     	82.1976 
-1051.22     	255.369 
-1119.52     	113.135 
-1152.26     	402.973 
-935.098     	558.635 
-1537.6     	862.072 
-1717.58     	449.554 
-1761.8     	-2.31465 
26370 
-1011.29     	1.38839 
-1075.85     	81.9414 
-1051.52     	255.514 
-1120.05     	112.51 
-1152.52     	402.989 
-935.725     	559.043 
-1537.61     	862.07 
-1718.04     	449.553 
-1761.79     	-2.31465 
26380 
-1012.2     	1.38839 
-1075.03     	80.494 
-1050.12     	270.261 
-1121.48     	119.119 
-1151.68     	402.798 
-939.33     	561.093 
-1538.31     	862.202 
-1719.22     	450.224 
-1765.8     	-2.31465 
26390 
-1012.32     	1.38839 
-1075.68     	80.0092 
-1051.27     	267.663 
-1121.83     	116.708 
-1151.93     	402.583 
-939.32     	561.128 
-1537.73     	862.214 
-1719.17     	450.205 
-1766.16     	-2.31465 
26400 
-1013.1     	1.38839 
-1077.57     	82.0648 
-1051.93     	265.76 
-1122.15     	114.571 
-1152.23     	402.519 
-939.596     	561.387 
-1537.72     	862.263 
-1719.17     	450.196 
-1766.18     	-2.31465 
26410 
-1013.18     	1.38839 
-1078.46     	81.7995 
-1052.21     	263.766 
-1122.09     	114.669 
-1152.64     	402.32 
-939.651     	561.596 
-1538.06     	862.227 
-1718.71     	449.882 
-1766.07     	-2.31465 
26420 
-1013.25     	1.38839 
-1079.32     	81.5317 
-1053.24     	259.915 
-1122.04     	116.437 
-1152.96     	402.196 
-940.379     	561.961 
-1537.55     	862.489 
-1718.51     	449.177 
-1766.15     	-2.31465 
26430 
-1013.69     	1.38839 
-1079.81     	81.3319 
-1053.97     	260.007 
-1122.61     	118.439 
-1153.71     	400.961 
-941.463     	562.526 
-1539.94     	864.111 
-1714.99     	456.912 
-1778.27     	-2.31465 
26440 
-1015.27     	1.38839 
-1080.34     	82.8631 
-1054.46     	259.303 
-1123.21     	117.375 
-1154.36     	401.382 
-942.081     	562.6 
-1540.09     	864.172 
-1714.71     	456.929 
-1776.54     	-2.31465 
26450 
-1016.56     	1.38839 
-1078.63     	85.1339 
-1055.3     	266.75 
-1124.39     	123.693 
-1153.21     	406.441 
-941.271     	563.05 
-1546.03     	865.852 
-1715.47     	456.747 
-1777.17     	-2.31465 
26460 
-1016.89     	1.38839 
-1079.23     	85.1165 
-1057.03     	259.958 
-1125.33     	121.704 
-1153.26     	405.353 
-941.272     	563.079 
-1545.75     	865.748 
-1715.57     	455.359 
-1777.15     	-2.31465 
26470 
-1016.99     	1.38839 
-1079.87     	85.1415 
-1057.25     	259.196 
-1125.95     	120.212 
-1153.57     	405.302 
-941.533     	563.42 
-1545.74     	865.796 
-1715.57     	455.343 
-1777.54     	-2.31465 
26480 
-1021.8     	1.38839 
-1080.06     	88.3154 
-1058.6     	257.215 
-1126.34     	118.515 
-1154.17     	404.92 
-946.709     	566.096 
-1545.58     	865.614 
-1715.79     	455.318 
-1782.27     	-2.31465 
26490 
-1022.78     	1.38839 
-1080.06     	88.2862 
-1059.42     	257.189 
-1126.85     	117.305 
-1154.53     	404.916 
-946.523     	566.025 
-1545.38     	865.615 
-1715.79     	455.319 
-1782.27     	-2.31465 
26500 
-1022.98     	1.38839 
-1081.31     	88.4957 
-1059.86     	255.567 
-1126.62     	115.631 
-1155.65     	403.617 
-947.56     	567.009 
-1545.41     	864.946 
-1715.17     	458.073 
-1781.27     	-2.31465 
