19000 
-462.971     	3.99207 
-755.063     	518.212 
-1132.71     	596.61 
-1254.68     	300.528 
-1279.28     	3.07171 
19010 
-490.719     	3.99207 
-748.542     	516.015 
-1135.16     	593.18 
-1252.68     	311.252 
-1279.88     	3.07171 
19020 
-491.429     	3.99207 
-749.081     	516.568 
-1138.92     	593.056 
-1253.35     	308.098 
-1280.52     	3.07171 
19030 
-492.145     	3.99207 
-749.215     	516.509 
-1137.24     	592.991 
-1253.33     	307.189 
-1280.52     	3.07171 
19040 
-477.707     	3.99207 
-826.068     	493.231 
-1129.46     	612.851 
-1255.52     	314.938 
-1284.34     	3.07171 
19050 
-479.126     	3.99207 
-825.652     	492.639 
-1136.4     	609.157 
-1256.26     	306.24 
-1285.16     	3.07171 
19060 
-480.268     	3.99207 
-829.006     	496.469 
-1133.1     	608.436 
-1263.41     	293.042 
-1283.23     	3.07171 
19070 
-481.904     	3.99207 
-828.742     	496.997 
-1132.63     	607.94 
-1263.18     	293.048 
-1283.1     	3.07171 
19080 
-483.335     	3.99207 
-832.572     	502.466 
-1137.62     	606.034 
-1264.11     	294.566 
-1284.3     	3.07171 
19090 
-485.434     	3.99207 
-826.585     	507.046 
-1139.4     	606.047 
-1263.56     	294.337 
-1282.81     	3.07171 
19100 
-486.87     	3.99207 
-826.075     	507.022 
-1139.41     	608.677 
-1263.96     	294.186 
-1285.92     	3.07171 
19110 
-487.621     	3.99207 
-829.345     	497.859 
-1138.29     	609.739 
-1257.68     	315.339 
-1290.33     	3.07171 
19120 
-489.988     	3.99207 
-821.017     	505.959 
-1138.62     	606.062 
-1258.39     	309.754 
-1290.14     	3.07171 
19130 
-491.346     	3.99207 
-816.055     	504.396 
-1138.69     	605.616 
-1257.26     	313.448 
-1291.12     	3.07171 
19140 
-493.032     	3.99207 
-816.081     	504.333 
-1139.12     	606.549 
-1259.7     	313.084 
-1293.02     	3.07171 
19150 
-494.483     	3.99207 
-816.692     	505.167 
-1138.68     	608.866 
-1261.57     	311.024 
-1291.86     	3.07171 
19160 
-495.861     	3.99207 
-816.77     	505.119 
-1143.79     	608.27 
-1262.5     	310.348 
-1292.32     	3.07171 
19170 
-497.29     	3.99207 
-816.841     	505.159 
-1143.57     	608.225 
-1262.42     	310.181 
-1292.21     	3.07171 
19180 
-498.691     	3.99207 
-816.932     	505.174 
-1141.32     	609.067 
-1262.29     	309.715 
-1292.25     	3.07171 
19190 
-499.521     	3.99207 
-817.092     	505.259 
-1148     	610.404 
-1261.13     	311.094 
-1298.62     	3.07171 
19200 
-500.246     	3.99207 
-817.254     	505.368 
-1145.96     	610.347 
-1263.71     	312.137 
-1296.83     	3.07171 
19210 
-500.973     	3.99207 
-817.352     	505.381 
-1143.58     	610.484 
-1263.68     	311.752 
-1296.2     	3.07171 
19220 
-501.695     	3.99207 
-817.476     	505.37 
-1143.53     	610.127 
-1263.65     	311.655 
-1296.16     	3.07171 
19230 
-502.402     	3.99207 
-817.526     	505.342 
-1142.07     	609.728 
-1264.03     	310.914 
-1300.92     	3.07171 
19240 
-503.148     	3.99207 
-817.624     	505.34 
-1142.74     	612.615 
-1265.71     	321.165 
-1297.65     	3.07171 
19250 
-502.756     	3.99207 
-828.496     	495.586 
-1143.74     	615.743 
-1264.92     	328.395 
-1298.46     	3.07171 
19260 
-504.597     	3.99207 
-818.403     	506.259 
-1142.76     	612.604 
-1264.25     	322.142 
-1299.03     	3.07171 
19270 
-505.321     	3.99207 
-818.52     	506.262 
-1139.61     	613.918 
-1265.46     	334.328 
-1299.04     	3.07171 
19280 
-506.046     	3.99207 
-818.576     	506.206 
-1139.51     	613.903 
-1265.32     	333.49 
-1299.1     	3.07171 
19290 
-505.664     	3.99207 
-834.737     	504.525 
-1144.82     	612.424 
-1264.37     	342.405 
-1304.7     	3.07171 
19300 
-507.265     	3.99207 
-775.081     	458.574 
-1139.12     	609.88 
-1261.82     	338.735 
-1301.81     	3.07171 
19310 
-509.097     	3.99207 
-777.291     	459.796 
-1139.09     	611.254 
-1264.11     	349.59 
-1306.79     	3.07171 
19320 
-509.786     	3.99207 
-778.179     	460.159 
-1141.1     	613.054 
-1264.24     	345.995 
-1307.36     	3.07171 
19330 
-510.192     	3.99207 
-781.361     	460.304 
-1142.29     	619.443 
-1264.77     	343.52 
-1309.65     	3.07171 
19340 
-510.904     	3.99207 
-784.027     	461.647 
-1141.06     	619.098 
-1265.08     	343.625 
-1308.34     	3.07171 
19350 
-511.658     	3.99207 
-784.171     	461.956 
-1141.07     	619.01 
-1265.1     	343.465 
-1307.57     	3.07171 
19360 
-512.372     	3.99207 
-784.634     	462.224 
-1141.74     	619.06 
-1265.02     	343.242 
-1307.88     	3.07171 
19370 
-513.108     	3.99207 
-785.209     	463.243 
-1143.91     	618.58 
-1264.99     	343.318 
-1307.95     	3.07171 
19380 
-513.743     	3.99207 
-787.216     	464.158 
-1143.95     	619.3 
-1267.25     	357.822 
-1310.51     	3.07171 
19390 
-514.49     	3.99207 
-787.179     	464.531 
-1147.43     	619.733 
-1271.49     	338.997 
-1307.07     	3.07171 
19400 
-515.216     	3.99207 
-787.583     	465.215 
-1147.41     	618.865 
-1271.35     	340.116 
-1307.12     	3.07171 
19410 
-515.939     	3.99207 
-788.593     	466.359 
-1155.49     	620.065 
-1274.15     	325.462 
-1310.49     	3.07171 
19420 
-516.627     	3.99207 
-789.46     	466.723 
-1153.08     	620.095 
-1274.16     	325.091 
-1310.51     	3.07171 
19430 
-517.373     	3.99207 
-789.371     	466.86 
-1153.09     	620.317 
-1274.13     	325.048 
-1310.63     	3.07171 
19440 
-518.109     	3.99207 
-789.398     	466.954 
-1151.74     	620.396 
-1273.88     	324.623 
-1310.77     	3.07171 
19450 
-517.384     	3.99207 
-805.543     	458.397 
-1150.95     	632.59 
-1276.74     	332.771 
-1313.08     	3.07171 
19460 
-518.116     	3.99207 
-805.609     	458.424 
-1150.36     	632.425 
-1276.5     	331.401 
-1312.29     	3.07171 
19470 
-518.849     	3.99207 
-805.694     	458.461 
-1150.21     	632.3 
-1276.5     	331.27 
-1312.29     	3.07171 
19480 
-519.573     	3.99207 
-806.068     	458.801 
-1150.06     	632.463 
-1276.71     	328.183 
-1312.71     	3.07171 
19490 
-520.307     	3.99207 
-806.117     	458.804 
-1150.05     	632.462 
-1279.18     	331.989 
-1315.96     	3.07171 
19500 
-521.033     	3.99207 
-806.441     	459.088 
-1152.83     	632.193 
-1280.74     	328.279 
-1315.43     	3.07171 
19510 
-521.729     	3.99207 
-808.049     	460.741 
-1152.89     	633.251 
-1281.66     	324.681 
-1315.41     	3.07171 
19520 
-522.322     	3.99207 
-808.111     	460.742 
-1152.94     	633.004 
-1281.49     	324.936 
-1315.37     	3.07171 
19530 
-523.193     	3.99207 
-808.168     	460.743 
-1152.57     	633.084 
-1279.07     	340.835 
-1322.36     	3.07171 
19540 
-523.865     	3.99207 
-808.216     	460.738 
-1152.65     	633.079 
-1279.07     	340.836 
-1322.35     	3.07171 
19550 
-524.625     	3.99207 
-808.27     	460.743 
-1153.27     	633.077 
-1279.05     	339.688 
-1322.56     	3.07171 
19560 
-525.358     	3.99207 
-809.329     	461.808 
-1147.73     	631.515 
-1278.13     	361.666 
-1322.97     	3.07171 
19570 
-526.095     	3.99207 
-809.461     	461.89 
-1155.04     	631.887 
-1277.84     	361.652 
-1325.85     	3.07171 
19580 
-526.831     	3.99207 
-809.111     	461.464 
-1155.42     	636.151 
-1286.77     	323.679 
-1320.08     	3.07171 
19590 
-527.566     	3.99207 
-809.27     	461.589 
-1155.13     	634.726 
-1286.73     	323.702 
-1320.07     	3.07171 
19600 
-528.299     	3.99207 
-809.328     	461.606 
-1155.3     	634.651 
-1286.59     	323.586 
-1319.97     	3.07171 
19610 
-529.04     	3.99207 
-808.967     	461.198 
-1160.67     	633.461 
-1279.65     	345.014 
-1326.25     	3.07171 
19620 
-531.029     	3.99207 
-796.514     	472.308 
-1157.66     	630.467 
-1281.43     	345.016 
-1326.04     	3.07171 
19630 
-531.899     	3.99207 
-794.578     	472.829 
-1160.65     	626.798 
-1287.07     	340.784 
-1326.95     	3.07171 
19640 
-532.526     	3.99207 
-796.736     	473.69 
-1160.32     	627.719 
-1286.81     	340.417 
-1326.92     	3.07171 
19650 
-531.977     	3.99207 
-809.036     	461.198 
-1163.36     	639.701 
-1290.45     	328.898 
-1325.3     	3.07171 
19660 
-532.711     	3.99207 
-809.059     	461.209 
-1162.81     	639.815 
-1290.45     	328.876 
-1324.95     	3.07171 
19670 
-533.556     	3.99207 
-805.799     	458.484 
-1161.32     	638.444 
-1288.21     	345.708 
-1330.63     	3.07171 
19680 
-534.282     	3.99207 
-806.098     	458.753 
-1160.75     	638.197 
-1288.19     	345.452 
-1330.63     	3.07171 
19690 
-535.019     	3.99207 
-806.073     	458.772 
-1158.8     	637.117 
-1288.78     	347.218 
-1332.77     	3.07171 
19700 
-535.695     	3.99207 
-806.081     	458.803 
-1157.84     	637.099 
-1288.76     	347.297 
-1332.81     	3.07171 
19710 
-536.493     	3.99207 
-806.023     	458.824 
-1157.93     	637.028 
-1289.56     	351.843 
-1333.96     	3.07171 
19720 
-537.258     	3.99207 
-805.285     	458.345 
-1157.99     	639.23 
-1290.2     	351.416 
-1334.76     	3.07171 
19730 
-537.998     	3.99207 
-805.223     	458.363 
-1157.77     	639.089 
-1290.2     	351.641 
-1334.76     	3.07171 
19740 
-538.749     	3.99207 
-804.815     	458.145 
-1159.61     	637.679 
-1293.44     	348.501 
-1332.85     	3.07171 
19750 
-539.491     	3.99207 
-804.741     	458.174 
-1159.78     	637.831 
-1293.33     	347.91 
-1331.68     	3.07171 
19760 
-540.223     	3.99207 
-804.849     	458.32 
-1160.12     	637.831 
-1296.29     	347.125 
-1331.21     	3.07171 
19770 
-540.964     	3.99207 
-804.76     	458.342 
-1160.39     	641.643 
-1296.03     	344.679 
-1330.9     	3.07171 
19780 
-541.693     	3.99207 
-804.882     	458.498 
-1160.27     	640.432 
-1298.83     	344.959 
-1334.13     	3.07171 
19790 
-542.428     	3.99207 
-804.916     	458.584 
-1160.25     	641.202 
-1298.26     	343.782 
-1333.89     	3.07171 
19800 
-543.016     	3.99207 
-804.743     	458.586 
-1161.61     	641.508 
-1297.98     	345.592 
-1333.86     	3.07171 
19810 
-543.905     	3.99207 
-804.9     	458.772 
-1162.24     	642.757 
-1299.78     	345.989 
-1334.23     	3.07171 
19820 
-544.639     	3.99207 
-804.762     	458.779 
-1162.69     	642.152 
-1299.69     	345.438 
-1336.74     	3.07171 
19830 
-545.38     	3.99207 
-804.557     	458.757 
-1163.6     	642.093 
-1300.19     	345.325 
-1337.63     	3.07171 
19840 
-546.139     	3.99207 
-804.376     	458.753 
-1168.82     	642.179 
-1299.95     	345.485 
-1336.93     	3.07171 
19850 
-546.865     	3.99207 
-804.596     	458.984 
-1168.16     	642.756 
-1300.65     	345.705 
-1337.57     	3.07171 
19860 
-547.61     	3.99207 
-804.398     	458.98 
-1166.2     	642.003 
-1301.07     	345.802 
-1337.46     	3.07171 
19870 
-548.337     	3.99207 
-804.574     	459.188 
-1167.27     	643.831 
-1300.53     	342.954 
-1338.53     	3.07171 
19880 
-549.039     	3.99207 
-804.517     	459.268 
-1175.83     	648.304 
-1312.88     	293.405 
-1334.31     	3.07171 
19890 
-549.839     	3.99207 
-804.018     	459.119 
-1175.2     	648.723 
-1314.97     	302.915 
-1334.8     	3.07171 
19900 
-550.584     	3.99207 
-803.842     	459.149 
-1173.56     	647.403 
-1314.87     	301.602 
-1334.98     	3.07171 
19910 
-551.334     	3.99207 
-803.503     	459.105 
-1176.08     	645.343 
-1316.28     	298.271 
-1340.32     	3.07171 
19920 
-552.076     	3.99207 
-803.425     	459.193 
-1176.04     	645.917 
-1317.06     	298.275 
-1339.97     	3.07171 
19930 
-552.822     	3.99207 
-803.208     	459.207 
-1175.92     	646.4 
-1317.05     	298.271 
-1339.52     	3.07171 
19940 
-553.472     	3.99207 
-803.015     	459.225 
-1179.57     	649.745 
-1315.45     	296.396 
-1342.79     	3.07171 
19950 
-554.304     	3.99207 
-803.006     	459.355 
-1179.64     	649.702 
-1316.46     	298.082 
-1342.64     	3.07171 
19960 
-555.011     	3.99207 
-803.418     	459.416 
-1182.3     	651.412 
-1315.13     	316.842 
-1343.73     	3.07171 
19970 
-555.787     	3.99207 
-802.709     	459.395 
-1182.84     	651.287 
-1315.09     	314.716 
-1343.55     	3.07171 
19980 
-556.514     	3.99207 
-802.694     	459.578 
-1182.41     	651.067 
-1316.86     	312.528 
-1342.97     	3.07171 
19990 
-557.246     	3.99207 
-802.727     	459.712 
-1181.44     	651.025 
-1318.69     	316.58 
-1341.27     	3.07171 
20000 
-557.889     	3.99207 
-802.713     	459.829 
-1181.74     	651.229 
-1318.27     	314.453 
-1341.63     	3.07171 
