29500 
-1195.36     	4.32525 
-1262.21     	279.649 
-1141.65     	677.606 
-1722.77     	980.414 
-1918.71     	474.255 
-2005.64     	10.8163 
29510 
-1195.84     	4.32525 
-1264.08     	278.899 
-1142.06     	676.871 
-1722.45     	981.993 
-1898.86     	533.07 
-2008.79     	10.8163 
29520 
-1196.43     	4.32525 
-1263.55     	279.708 
-1146.64     	664.134 
-1719.94     	979.163 
-1887.3     	563.448 
-2010.33     	10.8163 
29530 
-1196.98     	4.32525 
-1264.46     	281.416 
-1131.31     	666.025 
-1715.27     	976.552 
-1889.05     	563.656 
-2011.93     	10.8163 
29540 
-1194.38     	4.32525 
-1270.3     	181.483 
-1149.48     	688.323 
-1720.16     	975.185 
-1888.56     	574.498 
-2013     	10.8163 
29550 
-1194.68     	4.32525 
-1269.77     	170.198 
-1141.95     	686.807 
-1719.87     	975.189 
-1891.66     	568.427 
-2014.7     	10.8163 
29560 
-1195.15     	4.32525 
-1269.95     	168.411 
-1152.32     	686.782 
-1718.41     	975.164 
-1891.45     	561.193 
-2014.71     	10.8163 
29570 
-1194.34     	4.32525 
-1271.44     	153.91 
-1144.5     	680.092 
-1716.4     	976.952 
-1890.86     	572.296 
-2022.39     	10.8163 
29580 
-1195     	4.32525 
-1271.5     	154.336 
-1144.96     	680.106 
-1719.23     	978.609 
-1890.86     	572.055 
-2022.37     	10.8163 
29590 
-1194.89     	4.32525 
-1273.29     	152.07 
-1144.75     	680.187 
-1718.95     	978.498 
-1890.34     	572.819 
-2018.81     	10.8163 
29600 
-1195.64     	4.32525 
-1273.76     	152.138 
-1131.23     	687.754 
-1724.68     	974.304 
-1889.55     	577.943 
-2023.6     	10.8163 
29610 
-1195.21     	4.32525 
-1271.6     	139.065 
-1156.91     	686.402 
-1723.53     	981.143 
-1886.65     	588.879 
-2023.85     	10.8163 
29620 
-1195.88     	4.32525 
-1271.57     	139.157 
-1146.61     	682.049 
-1723.52     	982.453 
-1886.22     	588.368 
-2023.46     	10.8163 
29630 
-1196.52     	4.32525 
-1271.67     	139.24 
-1144.84     	692.272 
-1751.18     	949.113 
-1885.82     	588.821 
-2025.75     	10.8163 
29640 
-1197.2     	4.32525 
-1271.67     	139.24 
-1144.77     	692.68 
-1751.1     	949.109 
-1883.8     	590.459 
-2030.91     	10.8163 
29650 
-1197.49     	4.32525 
-1270.47     	144.009 
-1130.81     	691.968 
-1751.01     	947.907 
-1887.5     	588.616 
-2030.75     	10.8163 
29660 
-1199.23     	4.32525 
-1270.44     	151.973 
-1119.32     	692.019 
-1751.74     	947.09 
-1888.3     	588.714 
-2029.63     	10.8163 
29670 
-1203.54     	4.32525 
-1272.07     	218.104 
-1152.19     	689.073 
-1746.39     	949.182 
-1888.15     	594.213 
-2031.24     	10.8163 
29680 
-1204.7     	4.32525 
-1276.82     	286.519 
-1152.4     	689.07 
-1747.54     	949.809 
-1887.96     	594.749 
-2034.07     	10.8163 
29690 
-1204.95     	4.32525 
-1275.87     	280.719 
-1143.91     	693.781 
-1746.85     	947.635 
-1888.15     	595.02 
-2036.53     	10.8163 
29700 
-1205.91     	4.32525 
-1278.6     	281.028 
-1140.73     	691.232 
-1746.27     	947.813 
-1887.72     	597.437 
-2036.67     	10.8163 
29710 
-1206.71     	4.32525 
-1272.3     	278.155 
-1132.23     	693.026 
-1747.31     	947.131 
-1886.86     	606.43 
-2037.51     	10.8163 
29720 
-1207.17     	4.32525 
-1275.11     	279.102 
-1131.15     	697.248 
-1741.82     	943.967 
-1891.78     	604.185 
-2036.7     	10.8163 
29730 
-1207.8     	4.32525 
-1296.92     	379.039 
-1081.07     	673.753 
-1741.91     	944.804 
-1894.07     	599.656 
-2040.98     	10.8163 
29740 
-1208.4     	4.32525 
-1296.26     	382.178 
-1079.65     	674.498 
-1743.52     	945.332 
-1894.55     	599.618 
-2040.78     	10.8163 
29750 
-1208.94     	4.32525 
-1300.74     	398.215 
-1075.05     	670.646 
-1746.91     	947.261 
-1893.37     	599.522 
-2040.91     	10.8163 
29760 
-1209.47     	4.32525 
-1301.92     	399.283 
-1073.73     	670.635 
-1746.88     	947.251 
-1892.88     	600.499 
-2040.63     	10.8163 
29770 
-1209.98     	4.32525 
-1303.39     	400.534 
-1071.54     	670.413 
-1746.81     	947.251 
-1892.14     	601.972 
-2040.6     	10.8163 
29780 
-1210.53     	4.32525 
-1303.45     	400.541 
-1072.23     	670.248 
-1746.82     	947.49 
-1892.49     	608.417 
-2040.69     	10.8163 
29790 
-1211.01     	4.32525 
-1304.87     	401.243 
-1072.04     	670.271 
-1746.56     	947.503 
-1892.27     	608.288 
-2040.92     	10.8163 
29800 
-1211.59     	4.32525 
-1305.9     	402.333 
-1071.95     	670.431 
-1746.35     	947.515 
-1890.38     	612.302 
-2044.73     	10.8163 
29810 
-1212.14     	4.32525 
-1305.82     	402.492 
-1071.21     	670.144 
-1746.85     	947.856 
-1890.18     	612.285 
-2044.91     	10.8163 
29820 
-1212.68     	4.32525 
-1306.75     	402.807 
-1071.95     	670.598 
-1746.68     	947.883 
-1888.39     	629.22 
-2045.63     	10.8163 
29830 
-1213.2     	4.32525 
-1307.37     	402.083 
-1072.3     	669.258 
-1746.41     	948.211 
-1888.37     	629.068 
-2048.08     	10.8163 
29840 
-1213.75     	4.32525 
-1308.53     	404.948 
-1069.35     	669.808 
-1747.59     	948.474 
-1887.94     	633.974 
-2049.01     	10.8163 
29850 
-1214.28     	4.32525 
-1308.71     	405.293 
-1069.18     	669.749 
-1747.5     	948.595 
-1888.02     	634.015 
-2049.01     	10.8163 
29860 
-1214.8     	4.32525 
-1309.93     	404.351 
-1070.4     	670.367 
-1747.27     	948.612 
-1888.02     	634.028 
-2050.46     	10.8163 
29870 
-1215.35     	4.32525 
-1310.44     	404.69 
-1070.48     	670.866 
-1747.27     	948.663 
-1888.1     	634.013 
-2051.68     	10.8163 
29880 
-1215.88     	4.32525 
-1311.38     	404.834 
-1071.38     	671.008 
-1747.28     	948.847 
-1887.53     	634.196 
-2057.07     	10.8163 
29890 
-1216.4     	4.32525 
-1309.85     	398.581 
-1075.1     	675.911 
-1750.09     	949.484 
-1887.77     	644.792 
-2059.37     	10.8163 
29900 
-1217.01     	4.32525 
-1310.97     	405.941 
-1071.59     	671.327 
-1750.88     	950.563 
-1887.72     	648.739 
-2059.15     	10.8163 
29910 
-1217.51     	4.32525 
-1312.59     	404.716 
-1071.99     	671.608 
-1751     	950.726 
-1887.99     	647.667 
-2058.32     	10.8163 
29920 
-1218.03     	4.32525 
-1313.47     	403.285 
-1072.61     	672.164 
-1750.94     	950.778 
-1885.55     	654.688 
-2060.19     	10.8163 
29930 
-1218.57     	4.32525 
-1314.02     	404.413 
-1071.57     	672.824 
-1752.17     	951.213 
-1885.63     	654.684 
-2059.98     	10.8163 
29940 
-1219.12     	4.32525 
-1314.05     	404.713 
-1071.9     	672.976 
-1751.91     	951.246 
-1885.54     	654.75 
-2059.97     	10.8163 
29950 
-1219.66     	4.32525 
-1314.56     	404.799 
-1072.87     	672.484 
-1751.87     	951.538 
-1884.97     	654.432 
-2060.75     	10.8163 
29960 
-1220.11     	4.32525 
-1316.29     	405.659 
-1072.65     	672.484 
-1751.87     	951.561 
-1886.37     	663.042 
-2068.19     	10.8163 
29970 
-1220.7     	4.32525 
-1316.3     	405.657 
-1072.26     	672.487 
-1751.75     	951.712 
-1886.33     	662.964 
-2068.15     	10.8163 
29980 
-1221.26     	4.32525 
-1317.27     	406.796 
-1072.67     	672.74 
-1750.87     	951.474 
-1886.31     	668.923 
-2067.46     	10.8163 
29990 
-1221.81     	4.32525 
-1317.65     	406.405 
-1072.5     	672.75 
-1750.66     	951.511 
-1885.82     	668.855 
-2066.83     	10.8163 
30000 
-1222.36     	4.32525 
-1317.93     	406.85 
-1072.42     	672.851 
-1750.63     	951.525 
-1880.77     	680.765 
-2067.73     	10.8163 
