21000 
-634.449     	-0.703153 
-727.398     	59.1122 
-728.968     	159.462 
-812.81     	77.5902 
-797.946     	587.605 
-1251.33     	655.539 
-1383.46     	313.861 
-1412.09     	5.27509 
21010 
-637.742     	-0.703153 
-729.956     	52.6873 
-730.398     	158.234 
-813.389     	75.3736 
-798.34     	585.008 
-1251.82     	656.368 
-1383.44     	314.217 
-1411.26     	5.27509 
21020 
-636.566     	-0.703153 
-729.956     	52.405 
-730.178     	157.329 
-814.045     	72.8336 
-797.994     	585.128 
-1251.79     	656.389 
-1383.34     	314.543 
-1411.45     	5.27509 
21030 
-639.059     	-0.703153 
-732.602     	53.6021 
-731.998     	153.703 
-814.267     	72.0003 
-798.453     	586.149 
-1254.56     	655.671 
-1385.62     	325.662 
-1413.39     	5.27509 
21040 
-640.696     	-0.703153 
-732.21     	57.2594 
-727.503     	164.014 
-815.067     	72.5766 
-799.913     	589.075 
-1254.62     	657.207 
-1386.72     	328.475 
-1411.81     	5.27509 
21050 
-641.683     	-0.703153 
-733.026     	53.1909 
-727.666     	163.673 
-815.181     	72.0958 
-799.519     	588.529 
-1254.74     	657.206 
-1386.71     	328.496 
-1410.08     	5.27509 
21060 
-641.824     	-0.703153 
-733.629     	53.3207 
-728.856     	159.727 
-816.459     	72.0155 
-799.49     	588.194 
-1254.6     	657.117 
-1386.51     	327.808 
-1410.24     	5.27509 
21070 
-641.351     	-0.703153 
-734.397     	53.2453 
-729.636     	157.983 
-817.724     	75.2325 
-798.372     	586.661 
-1253.7     	658.677 
-1384.3     	338.918 
-1416.18     	5.27509 
21080 
-642.723     	-0.703153 
-733.831     	52.666 
-734.079     	157.726 
-817.258     	72.0863 
-798.934     	587.102 
-1251.38     	657.944 
-1384.27     	338.469 
-1416.1     	5.27509 
21090 
-653.309     	-0.703153 
-734.255     	52.9621 
-734.973     	155.667 
-817.891     	72.0649 
-797.143     	586.331 
-1253.49     	659.617 
-1389.49     	338.784 
-1414.88     	5.27509 
21100 
-653.232     	-0.703153 
-735.31     	52.7067 
-735.083     	155.645 
-818.608     	72.0478 
-797.342     	586.529 
-1253.03     	659.347 
-1391.64     	336.491 
-1414.76     	5.27509 
21110 
-645.26     	-0.703153 
-735.667     	53.1571 
-736.045     	155.73 
-819.193     	71.8082 
-797.849     	587.56 
-1252.73     	659.092 
-1390.65     	328.469 
-1417.32     	5.27509 
21120 
-648.325     	-0.703153 
-738.211     	53.9731 
-729.774     	169.502 
-815.684     	75.1754 
-799.605     	592.478 
-1262.07     	659.831 
-1390.34     	325.363 
-1417.28     	5.27509 
21130 
-647.512     	-0.703153 
-739.049     	54.2104 
-729.835     	169.532 
-816.511     	74.9778 
-801.441     	591.972 
-1261.81     	659.464 
-1390.09     	324.657 
-1416.42     	5.27509 
21140 
-650.013     	-0.703153 
-739.097     	54.1428 
-733.309     	169.407 
-816.91     	72.407 
-801.481     	591.883 
-1261.66     	660.507 
-1390.12     	324.438 
-1416.43     	5.27509 
21150 
-649.055     	-0.703153 
-739.793     	53.8344 
-733.978     	166.317 
-818.374     	70.429 
-802.173     	590.559 
-1261.27     	660.303 
-1390     	323.107 
-1416.56     	5.27509 
21160 
-652.124     	-0.703153 
-738.623     	52.8454 
-739.571     	158.255 
-819.176     	61.0684 
-802.968     	589.914 
-1261     	661.462 
-1390.76     	322.964 
-1416.54     	5.27509 
21170 
-650.127     	-0.703153 
-742.03     	51.7512 
-740.653     	157.014 
-819.919     	60.8491 
-803.251     	590.307 
-1261.14     	661.157 
-1390.18     	322.508 
-1422.79     	5.27509 
21180 
-650.337     	-0.703153 
-741.892     	50.7784 
-740.646     	157.885 
-820.59     	60.8415 
-804.046     	591.306 
-1261.38     	659.728 
-1389.56     	325.299 
-1423.46     	5.27509 
21190 
-651.077     	-0.703153 
-743.002     	54.3259 
-741.678     	161.711 
-823.902     	60.7293 
-803.56     	591.963 
-1262.82     	659.147 
-1389.67     	331.791 
-1424.1     	5.27509 
21200 
-655.175     	-0.703153 
-741.209     	55.802 
-742.148     	164.587 
-822.021     	71.0929 
-804.418     	591.411 
-1264.23     	662.227 
-1396     	331.858 
-1423.62     	5.27509 
21210 
-653.289     	-0.703153 
-742.267     	53.4427 
-741.981     	162.585 
-822.023     	70.9437 
-804.444     	592.075 
-1263.91     	663.121 
-1395.91     	331.638 
-1423.62     	5.27509 
21220 
-653.536     	-0.703153 
-742.992     	53.292 
-742.282     	161.793 
-822.688     	69.0592 
-804.586     	592.022 
-1263.8     	663.099 
-1395.82     	331.289 
-1423.5     	5.27509 
21230 
-659.255     	-0.703153 
-739.664     	57.9935 
-741.325     	166.201 
-821.447     	71.6317 
-804.167     	595.369 
-1264.85     	663.203 
-1399.76     	328.555 
-1423.34     	5.27509 
21240 
-660.281     	-0.703153 
-740.047     	57.8784 
-742.023     	164.847 
-823.843     	71.037 
-804.422     	595.058 
-1264.67     	663.203 
-1399.47     	327.522 
-1423.18     	5.27509 
21250 
-660.265     	-0.703153 
-741.49     	51.4334 
-742.246     	163.878 
-824.784     	69.0068 
-801.48     	597.773 
-1263.98     	662.365 
-1399.5     	327.226 
-1425.68     	5.27509 
21260 
-661.053     	-0.703153 
-744.682     	49.7646 
-746.151     	159.086 
-823.544     	64.922 
-804.106     	596.294 
-1266.65     	663.824 
-1400.1     	327.104 
-1426.49     	5.27509 
21270 
-660.491     	-0.703153 
-745.558     	50.4981 
-746.549     	158.447 
-825.258     	65.2164 
-804.456     	595.146 
-1266.56     	663.537 
-1399.75     	325.604 
-1428.26     	5.27509 
21280 
-662.652     	-0.703153 
-746.761     	54.2485 
-746.561     	165.47 
-824.756     	64.0357 
-805.922     	597.937 
-1274.23     	664.932 
-1400     	325.761 
-1427.98     	5.27509 
21290 
-662.498     	-0.703153 
-747.676     	53.9025 
-746.66     	164.232 
-825.39     	62.8907 
-806.278     	597.577 
-1273.84     	664.685 
-1399.73     	325.718 
-1427.96     	5.27509 
21300 
-663.004     	-0.703153 
-749.248     	53.1781 
-748.128     	160.505 
-827.162     	61.4981 
-806.349     	595.101 
-1271.59     	664.8 
-1401.08     	332.392 
-1427.18     	5.27509 
21310 
-663.042     	-0.703153 
-749.315     	52.8749 
-748.767     	160.41 
-827.256     	60.3803 
-806.86     	595.54 
-1271.59     	664.516 
-1401.08     	332.212 
-1427.21     	5.27509 
21320 
-692.43     	-0.703153 
-746.319     	70.7314 
-751.124     	163.484 
-829.134     	61.8231 
-804.049     	598.572 
-1272.16     	665.609 
-1404.07     	329.861 
-1430.55     	5.27509 
21330 
-691.952     	-0.703153 
-746.802     	69.4672 
-750.941     	162.944 
-829.127     	61.8044 
-804.171     	598.551 
-1271.95     	665.494 
-1403.81     	329.261 
-1430.47     	5.27509 
21340 
-691.944     	-0.703153 
-747.239     	68.5752 
-751.624     	162.756 
-829.095     	61.717 
-804.453     	598.49 
-1271.3     	665.498 
-1399.26     	328.271 
-1434.57     	5.27509 
21350 
-693.846     	-0.703153 
-752.725     	68.8853 
-752.052     	159.822 
-830.387     	59.6056 
-805.748     	596.24 
-1276.9     	666.728 
-1399.92     	340.248 
-1434.53     	5.27509 
21360 
-694.091     	-0.703153 
-754.519     	64.8788 
-751.227     	161.701 
-830.722     	59.6237 
-806.457     	596.803 
-1275.5     	666.73 
-1399.97     	340.226 
-1434.53     	5.27509 
21370 
-695.37     	-0.703153 
-754.518     	61.9389 
-752.133     	161.731 
-831.262     	59.6363 
-807.697     	598.008 
-1275.49     	665.524 
-1400.18     	340.496 
-1434.29     	5.27509 
21380 
-689.498     	-0.703153 
-753.147     	58.6709 
-752.56     	167.649 
-832.735     	61.8575 
-809.228     	600.915 
-1275.87     	667.524 
-1403.86     	338.356 
-1437.52     	5.27509 
21390 
-671.203     	-0.703153 
-754.413     	56.746 
-751.394     	165.295 
-834.062     	61.4804 
-837.33     	530.755 
-1277.04     	678.31 
-1402.79     	321.35 
-1435.6     	5.27509 
21400 
-673.679     	-0.703153 
-755.929     	55.2228 
-751.898     	165.339 
-834.06     	61.3147 
-837.384     	529.373 
-1276.85     	678.469 
-1402.77     	321.313 
-1436.88     	5.27509 
21410 
-673.491     	-0.703153 
-756.24     	55.2302 
-758.647     	163.335 
-834.202     	60.358 
-834.801     	524.153 
-1276.46     	684.678 
-1404.24     	322.282 
-1437.73     	5.27509 
21420 
-674.538     	-0.703153 
-756.078     	55.3842 
-754.835     	165.927 
-830.701     	64.9115 
-835.799     	525.59 
-1277.12     	684.27 
-1404.97     	325.226 
-1439.8     	5.27509 
21430 
-673.449     	-0.703153 
-755.723     	59.7915 
-756.716     	164.473 
-832.534     	65.229 
-837.561     	525.312 
-1273.4     	683.818 
-1405.4     	325.725 
-1440.63     	5.27509 
21440 
-676.049     	-0.703153 
-758.334     	55.6417 
-754.666     	168.049 
-832.344     	66.4445 
-836.617     	524.934 
-1271.34     	683.347 
-1409.37     	325.006 
-1441.29     	5.27509 
21450 
-677.113     	-0.703153 
-758.878     	55.4503 
-755.07     	168.028 
-833.993     	73.0954 
-836.567     	525.454 
-1271.3     	683.563 
-1409.47     	325.19 
-1441.11     	5.27509 
21460 
-678.45     	-0.703153 
-760.035     	55.906 
-754.991     	169.004 
-834.576     	73.4028 
-837.2     	524.937 
-1272.39     	684.306 
-1413.6     	334.147 
-1441.44     	5.27509 
21470 
-682.12     	-0.703153 
-758.63     	56.0132 
-758.823     	166.113 
-835.194     	73.1425 
-837.703     	524.975 
-1272.31     	684.083 
-1413.54     	333.784 
-1441.3     	5.27509 
21480 
-681.645     	-0.703153 
-759.457     	54.9388 
-759.225     	165.843 
-836.037     	72.9639 
-837.675     	525.568 
-1271.63     	684.083 
-1412.74     	329.805 
-1440.89     	5.27509 
21490 
-683.06     	-0.703153 
-761.642     	56.855 
-757.703     	168.798 
-834.824     	67.4816 
-841.043     	526.078 
-1272.86     	685.331 
-1413.47     	329.173 
-1443.68     	5.27509 
21500 
-682.593     	-0.703153 
-762.686     	57.0948 
-757.1     	174.489 
-835.405     	67.5759 
-840.574     	526.678 
-1272.62     	685.729 
-1412.84     	351.325 
-1445.5     	5.27509 
21510 
-682.51     	-0.703153 
-763.524     	56.2285 
-757.258     	172.602 
-837.725     	65.2896 
-840.621     	526.75 
-1272.76     	685.73 
-1412.83     	351.326 
-1444.83     	5.27509 
21520 
-683.496     	-0.703153 
-764.142     	56.0668 
-758.133     	172.353 
-838.203     	64.257 
-840.512     	527.093 
-1272.91     	685.741 
-1412.56     	351.406 
-1443.85     	5.27509 
21530 
-683.373     	-0.703153 
-764.827     	56.0868 
-758.121     	172.258 
-838.855     	63.3352 
-840.608     	527.108 
-1272.82     	685.695 
-1412.45     	351.018 
-1443.81     	5.27509 
21540 
-685.38     	-0.703153 
-765.442     	56.1723 
-757.826     	170.13 
-839.47     	62.8661 
-841.094     	527.961 
-1272.05     	685.225 
-1412.2     	349.876 
-1443.76     	5.27509 
21550 
-687.773     	-0.703153 
-763.319     	56.067 
-763.299     	167.264 
-840.124     	62.1235 
-841.188     	527.9 
-1272.53     	685.363 
-1414.27     	350.951 
-1446.13     	5.27509 
21560 
-687.492     	-0.703153 
-764.36     	55.2171 
-764.723     	166.726 
-840.743     	60.927 
-841.636     	528.111 
-1272.29     	685.288 
-1414.27     	350.951 
-1446.13     	5.27509 
21570 
-686.255     	-0.703153 
-765.32     	54.8842 
-764.642     	171.602 
-841.348     	65.3981 
-842.187     	528.572 
-1278.78     	688.13 
-1414.81     	351.894 
-1446.85     	5.27509 
21580 
-688.489     	-0.703153 
-766.553     	55.4803 
-764.733     	168.341 
-841.884     	63.9541 
-842.864     	528.951 
-1277.82     	688.074 
-1414.36     	351.886 
-1446.79     	5.27509 
21590 
-689.025     	-0.703153 
-767.399     	55.5096 
-765.138     	165.75 
-842.314     	63.2758 
-843.52     	528.683 
-1276.71     	688.247 
-1414.24     	351.39 
-1447.38     	5.27509 
21600 
-690.061     	-0.703153 
-767.955     	55.8054 
-765.763     	168.801 
-843.071     	65.958 
-843.959     	528.706 
-1276.16     	689.903 
-1414     	368.201 
-1447.36     	5.27509 
21610 
-690.66     	-0.703153 
-768.537     	55.6522 
-767.449     	167.824 
-843.67     	64.031 
-843.88     	529.056 
-1276.09     	689.179 
-1413.96     	368.084 
-1447.69     	5.27509 
21620 
-690.685     	-0.703153 
-768.952     	55.3009 
-767.518     	167.226 
-844.22     	64.1549 
-844.969     	530.206 
-1276.21     	688.17 
-1414.17     	364.114 
-1452.21     	5.27509 
21630 
-691.89     	-0.703153 
-769.503     	55.3038 
-767.638     	167.168 
-844.222     	64.1531 
-845.021     	530.452 
-1276.24     	688.159 
-1414.02     	363.662 
-1452.17     	5.27509 
21640 
-693.926     	-0.703153 
-767.903     	54.9896 
-768.061     	169.677 
-845.401     	66.8966 
-845.12     	531.251 
-1275.7     	688.25 
-1415.76     	366.584 
-1452.52     	5.27509 
21650 
-693.576     	-0.703153 
-770.493     	55.4059 
-769.151     	168.005 
-845.603     	66.9964 
-845.848     	530.949 
-1275.22     	688.528 
-1415.4     	368.534 
-1454.44     	5.27509 
21660 
-693.732     	-0.703153 
-771.153     	55.1863 
-770.461     	166.388 
-846.579     	64.2405 
-845.901     	530.971 
-1275.21     	688.677 
-1415.22     	368.177 
-1454.35     	5.27509 
21670 
-694.05     	-0.703153 
-771.811     	54.6545 
-771.332     	165.876 
-847.675     	63.6474 
-845.493     	530.416 
-1275.4     	689.111 
-1415.13     	366.776 
-1454.86     	5.27509 
21680 
-695.736     	-0.703153 
-771.261     	54.6758 
-772.377     	166.948 
-848.704     	62.9379 
-845.763     	530.699 
-1278.96     	690.473 
-1415.56     	367.221 
-1456.63     	5.27509 
21690 
-696.164     	-0.703153 
-771.955     	54.4729 
-772.981     	166.084 
-848.889     	66.1418 
-845.825     	531.431 
-1278.85     	690.482 
-1415.62     	366.849 
-1456.47     	5.27509 
21700 
-698.243     	-0.703153 
-774.555     	57.3837 
-772.821     	166.424 
-849.475     	63.8658 
-847.527     	532.148 
-1277.54     	690.506 
-1419.53     	380.967 
-1454.84     	5.27509 
21710 
-700.582     	-0.703153 
-774.711     	55.7478 
-773.25     	166.557 
-849.489     	63.8583 
-848.04     	532.181 
-1275.86     	690.337 
-1419.53     	381.028 
-1454.84     	5.27509 
21720 
-703.937     	-0.703153 
-776.402     	63.3871 
-771.748     	172.935 
-850.713     	66.3175 
-847.744     	532.043 
-1276.42     	690.264 
-1421.34     	379.652 
-1458.09     	5.27509 
21730 
-703.836     	-0.703153 
-776.774     	62.8527 
-772.981     	169.183 
-851.331     	63.8993 
-848.569     	532.921 
-1276.76     	690.011 
-1420.85     	378.601 
-1457.78     	5.27509 
21740 
-703.987     	-0.703153 
-777.071     	62.299 
-773.279     	169.215 
-851.95     	63.8669 
-848.616     	534.024 
-1276.8     	690.813 
-1421.97     	379.085 
-1457.68     	5.27509 
21750 
-701.725     	-0.703153 
-778.33     	58.2198 
-774.181     	170.639 
-852.57     	64.0981 
-847.608     	531.834 
-1277.11     	692.357 
-1422.7     	375.04 
-1458.39     	5.27509 
21760 
-701.99     	-0.703153 
-779.284     	57.711 
-774.46     	169.113 
-852.512     	64.1141 
-849.907     	534.05 
-1279.58     	691.402 
-1421.92     	375.056 
-1458.25     	5.27509 
21770 
-701.9     	-0.703153 
-780.167     	57.1718 
-774.765     	171.382 
-853.758     	66.7133 
-850.083     	532.309 
-1279.82     	698.932 
-1421.45     	375.118 
-1462.13     	5.27509 
21780 
-706.417     	-0.703153 
-780.741     	57.2521 
-775.439     	170.196 
-854.38     	64.9009 
-850.311     	533.331 
-1286.93     	698.044 
-1421.43     	372.1 
-1462.02     	5.27509 
21790 
-707.012     	-0.703153 
-781.35     	57.192 
-776.194     	170.167 
-855.008     	63.5141 
-850.416     	533.673 
-1286.73     	697.691 
-1421.38     	371.365 
-1462.99     	5.27509 
21800 
-711.28     	-0.703153 
-780.091     	62.2534 
-777.98     	173.934 
-855.531     	64.7135 
-850.6     	534.1 
-1289.02     	697.18 
-1425.21     	371.382 
-1464.14     	5.27509 
21810 
-708.864     	-0.703153 
-781.255     	61.6869 
-779.157     	171.379 
-856.229     	63.3589 
-850.963     	534.212 
-1289.52     	697.137 
-1424.84     	368.79 
-1464.2     	5.27509 
21820 
-714.363     	-0.703153 
-780.106     	61.6755 
-779.481     	177.533 
-856.835     	64.8949 
-850.388     	534.902 
-1292.42     	698.054 
-1425.95     	367.234 
-1466.69     	5.27509 
21830 
-713.469     	-0.703153 
-783.276     	57.0168 
-779.54     	172.99 
-857.439     	63.9596 
-851.874     	536.786 
-1292.53     	698.059 
-1425.93     	367.235 
-1466.59     	5.27509 
21840 
-711.415     	-0.703153 
-783.49     	56.5585 
-779.812     	172.604 
-857.442     	64.1602 
-852.459     	536.747 
-1292.47     	698.057 
-1425.9     	366.989 
-1465.87     	5.27509 
21850 
-712.638     	-0.703153 
-785.718     	58.0519 
-780.539     	171.762 
-858.652     	63.3645 
-852.359     	535.171 
-1289.74     	699.014 
-1425.84     	367.437 
-1466.84     	5.27509 
21860 
-713.09     	-0.703153 
-785.711     	57.3918 
-780.762     	171.232 
-859.302     	62.8073 
-852.371     	536.123 
-1289.55     	698.621 
-1425.92     	367.109 
-1469.49     	5.27509 
21870 
-719.415     	-0.703153 
-786.219     	72.7132 
-780.258     	173.034 
-859.469     	61.7487 
-853.592     	538.142 
-1293.89     	696.889 
-1428.83     	375.141 
-1474.27     	5.27509 
21880 
-720.246     	-0.703153 
-786.859     	73.0394 
-779.903     	178.118 
-860.307     	74.9832 
-853.054     	537.912 
-1288.19     	697.948 
-1426.93     	380.93 
-1473.5     	5.27509 
21890 
-722.586     	-0.703153 
-786.529     	76.0606 
-781.077     	177.874 
-860.892     	74.5229 
-850.614     	539.279 
-1289.06     	697.612 
-1428.03     	379.997 
-1475.66     	5.27509 
21900 
-720.955     	-0.703153 
-788.774     	64.858 
-781.415     	176.586 
-861.992     	74.01 
-852.452     	535.988 
-1289.06     	696.96 
-1428.05     	380.014 
-1475.42     	5.27509 
21910 
-720.415     	-0.703153 
-789.98     	59.76 
-782.547     	174.02 
-862.263     	69.1844 
-853.094     	537.346 
-1289.24     	697.175 
-1429.36     	381.765 
-1474.8     	5.27509 
21920 
-721.664     	-0.703153 
-790.749     	58.8679 
-782.792     	173.311 
-862.896     	67.5902 
-853.448     	538.074 
-1290.05     	696.752 
-1429.03     	380.33 
-1473.52     	5.27509 
21930 
-721.17     	-0.703153 
-791.366     	58.783 
-783.443     	173.692 
-863.582     	63.6027 
-853.521     	538.653 
-1295.87     	697.434 
-1428.99     	378.707 
-1473.35     	5.27509 
21940 
-716.389     	-0.703153 
-789.333     	61.4385 
-787.567     	173.156 
-864.132     	63.5659 
-854.395     	540.583 
-1295.22     	701.128 
-1432.85     	380.888 
-1473.73     	5.27509 
21950 
-724.857     	-0.703153 
-790.966     	57.5517 
-786.843     	170.265 
-865.018     	74.4684 
-854.495     	537.767 
-1294.5     	702.067 
-1432.9     	378.036 
-1473.83     	5.27509 
21960 
-725.634     	-0.703153 
-791.998     	63.9248 
-786.711     	176.872 
-865.1     	76.1581 
-855.019     	539.609 
-1297.69     	702.57 
-1433.93     	378.588 
-1475.73     	5.27509 
21970 
-725.252     	-0.703153 
-791.938     	62.8434 
-788.588     	175.976 
-865.688     	75.1139 
-855.987     	539.375 
-1298.85     	701.446 
-1435.05     	377.614 
-1475.88     	5.27509 
21980 
-727.524     	-0.703153 
-792.792     	57.6333 
-789.16     	174.178 
-866.744     	74.4239 
-856.245     	539.598 
-1297.31     	701.391 
-1434.81     	375.736 
-1476.04     	5.27509 
21990 
-726.198     	-0.703153 
-793.732     	58.083 
-789.484     	172.201 
-867.013     	69.4442 
-856.692     	539.629 
-1297.17     	701.302 
-1434.68     	374.575 
-1475.81     	5.27509 
22000 
-726.324     	-0.703153 
-795.287     	58.7171 
-788.831     	172.88 
-867.829     	64.7604 
-857.752     	541.339 
-1297.28     	701.255 
-1434.74     	374.052 
-1478.47     	5.27509 
