26500 
-969.95     	6.16097 
-1102.91     	378.897 
-1121.04     	85.2689 
-1136.17     	395.879 
-925.562     	721.485 
-1592.84     	847.876 
-1728.14     	398.029 
-1775.53     	4.74058 
26510 
-1001.13     	6.16097 
-1110.57     	381.238 
-1122.12     	65.744 
-1136.57     	398.609 
-921.148     	738.917 
-1569.67     	844.956 
-1733.18     	396.539 
-1775.58     	4.74058 
26520 
-1014.5     	6.16097 
-1087.54     	382.971 
-1105.8     	74.5914 
-1153.51     	397.793 
-918.936     	741.267 
-1568.57     	842.724 
-1734.35     	401.554 
-1773.6     	4.74058 
26530 
-1015.23     	6.16097 
-1088.09     	382.342 
-1106.59     	77.3043 
-1154.25     	395.581 
-919.13     	741.88 
-1568.4     	842.476 
-1734.19     	400.92 
-1773.11     	4.74058 
26540 
-1015.89     	6.16097 
-1089.81     	382.381 
-1106.62     	72.7528 
-1154.78     	396.497 
-918.536     	741.914 
-1567.64     	842.132 
-1734.23     	400.726 
-1773.13     	4.74058 
26550 
-1017.17     	6.16097 
-1059.01     	359.582 
-1107.08     	86.83 
-1155.09     	392.307 
-931.769     	697.027 
-1600.19     	771.95 
-1730.72     	408.423 
-1780.05     	4.74058 
26560 
-1017.72     	6.16097 
-1069.1     	359.205 
-1110.31     	76.5219 
-1157.27     	394.335 
-932.611     	696.96 
-1600.2     	772.345 
-1730.59     	408.53 
-1780.53     	4.74058 
26570 
-1018.38     	6.16097 
-1069.93     	359.392 
-1110.23     	76.5568 
-1158.23     	394.608 
-932.626     	697.753 
-1600.19     	772.434 
-1730.61     	408.396 
-1780.45     	4.74058 
26580 
-1018.97     	6.16097 
-1071.11     	359.4 
-1110.49     	74.4037 
-1158.3     	394.596 
-932.858     	697.718 
-1600.16     	772.757 
-1730.94     	408.423 
-1780.29     	4.74058 
26590 
-1019.56     	6.16097 
-1076.56     	360.868 
-1108.61     	77.2986 
-1158.07     	394.132 
-934.61     	697.659 
-1600.51     	772.311 
-1736.29     	409.102 
-1780.2     	4.74058 
26600 
-1020.38     	6.16097 
-1076.75     	360.919 
-1108.59     	77.3863 
-1159     	394.31 
-934.738     	698.468 
-1601.54     	773.447 
-1735.1     	410.005 
-1778.53     	4.74058 
26610 
-1021.04     	6.16097 
-1077.29     	359.73 
-1108.83     	69.1131 
-1159.12     	394.318 
-934.391     	698.964 
-1602.21     	773.684 
-1736.15     	418.977 
-1778.44     	4.74058 
26620 
-1021.79     	6.16097 
-1077.29     	359.966 
-1108.86     	69.1081 
-1159.12     	394.319 
-934.412     	699.934 
-1602.43     	773.733 
-1736.08     	418.592 
-1778.43     	4.74058 
26630 
-1022.24     	6.16097 
-1078.56     	360.265 
-1109.1     	65.9986 
-1159.21     	394.332 
-934.284     	700.716 
-1602.46     	773.814 
-1736.07     	418.593 
-1778.44     	4.74058 
26640 
-1023.11     	6.16097 
-1079.39     	360.467 
-1110.03     	66.0622 
-1159.74     	394.613 
-937.184     	701.699 
-1602.26     	773.915 
-1736.03     	418.573 
-1779     	4.74058 
26650 
-1023.82     	6.16097 
-1079.41     	360.72 
-1110.13     	65.9547 
-1159.87     	394.737 
-937.326     	701.869 
-1603.96     	774.394 
-1735.99     	417.722 
-1787.51     	4.74058 
26660 
-1024.47     	6.16097 
-1081.79     	360.902 
-1109.85     	66.4032 
-1162.55     	393.762 
-932.525     	702.006 
-1605.39     	774.641 
-1737.51     	418.354 
-1785.02     	4.74058 
26670 
-1025.21     	6.16097 
-1082.23     	360.923 
-1109.37     	66.1216 
-1163.06     	393.955 
-932.735     	702.184 
-1605.41     	774.97 
-1737.55     	417.729 
-1784.83     	4.74058 
26680 
-1025.9     	6.16097 
-1082.45     	360.466 
-1109.29     	65.9102 
-1164.38     	394.243 
-931.517     	702.215 
-1604.42     	775.15 
-1737.81     	416.042 
-1783.94     	4.74058 
26690 
-1026.61     	6.16097 
-1082.69     	360.27 
-1110.04     	65.936 
-1165.09     	394.995 
-931.864     	700.822 
-1604.38     	775.942 
-1739.35     	416.043 
-1790.94     	4.74058 
26700 
-1027.27     	6.16097 
-1083.75     	359.453 
-1110.98     	65.9746 
-1165.48     	395.713 
-932.21     	701.044 
-1604.26     	776.205 
-1739.2     	416.091 
-1790.35     	4.74058 
26710 
-1027.84     	6.16097 
-1084.37     	359.702 
-1110.96     	66.3122 
-1165.42     	395.469 
-933.036     	701.333 
-1610.08     	777.098 
-1739.28     	415.865 
-1790.11     	4.74058 
26720 
-1028.48     	6.16097 
-1084.92     	359.484 
-1112.36     	66.3293 
-1166.06     	395.537 
-933.226     	701.483 
-1609.74     	777.385 
-1739.06     	415.608 
-1789.73     	4.74058 
26730 
-1029.37     	6.16097 
-1085.28     	359.876 
-1112.37     	66.1225 
-1166.19     	395.835 
-933.43     	701.627 
-1609.78     	777.697 
-1738.96     	415.638 
-1789.53     	4.74058 
26740 
-1029.84     	6.16097 
-1086.21     	360.168 
-1113.24     	66.0869 
-1166.21     	395.782 
-935.131     	701.475 
-1610.11     	778.183 
-1738.96     	415.641 
-1789.53     	4.74058 
26750 
-1030.74     	6.16097 
-1086.59     	358.167 
-1114.22     	66.0405 
-1166.32     	395.803 
-935.842     	702.467 
-1609.84     	778.185 
-1738.47     	421.606 
-1789.77     	4.74058 
26760 
-1031.43     	6.16097 
-1087.33     	358.57 
-1114.61     	66.0219 
-1168.77     	395.077 
-935.944     	702.684 
-1609.14     	778.387 
-1745.7     	421.616 
-1790.47     	4.74058 
26770 
-1032.13     	6.16097 
-1087.68     	358.658 
-1114.61     	65.9987 
-1169.62     	394.856 
-935.999     	702.486 
-1609.08     	778.784 
-1745.2     	421.209 
-1790.51     	4.74058 
26780 
-1032.84     	6.16097 
-1087.68     	358.472 
-1113.97     	65.8379 
-1169.46     	394.864 
-936.046     	702.542 
-1609.11     	778.885 
-1745.11     	421.067 
-1790.49     	4.74058 
26790 
-1033.36     	6.16097 
-1089.74     	356.769 
-1114.21     	65.8386 
-1170.28     	396.13 
-939.037     	702.97 
-1608.39     	779.332 
-1745.11     	421.068 
-1790.59     	4.74058 
26800 
-1034.19     	6.16097 
-1089.49     	357.793 
-1114.79     	67.1208 
-1172.12     	395.395 
-939.549     	703.532 
-1614.19     	780.167 
-1746.09     	428.884 
-1791.58     	4.74058 
26810 
-1034.92     	6.16097 
-1089.03     	358.072 
-1115.32     	67.9187 
-1172.21     	395.617 
-939.565     	703.66 
-1614.02     	780.443 
-1745.99     	428.91 
-1791.65     	4.74058 
26820 
-1035.54     	6.16097 
-1090.99     	358.728 
-1117.34     	71.33 
-1173.08     	396.68 
-936.604     	708.192 
-1611.06     	778.815 
-1749.5     	429.842 
-1792.06     	4.74058 
26830 
-1036.29     	6.16097 
-1090.81     	359.597 
-1117.34     	74.9983 
-1173.52     	397.132 
-943.53     	702.053 
-1611.83     	781.529 
-1750.41     	423.126 
-1791.72     	4.74058 
26840 
-1036.84     	6.16097 
-1092.33     	359.372 
-1117.41     	71.4107 
-1174.24     	397.304 
-943.223     	702.312 
-1611.45     	781.72 
-1750.23     	422.466 
-1791.65     	4.74058 
26850 
-1037.66     	6.16097 
-1093.15     	359.952 
-1117.38     	70.2973 
-1175.71     	397.431 
-938.058     	703.01 
-1616     	782.106 
-1750.2     	420.791 
-1799.52     	4.74058 
26860 
-1038.35     	6.16097 
-1094     	359.39 
-1117.41     	67.9363 
-1176.28     	397.181 
-938.767     	703.276 
-1615.84     	782.424 
-1750.22     	420.757 
-1799.11     	4.74058 
26870 
-1038.95     	6.16097 
-1094.18     	358.676 
-1117.41     	67.6208 
-1176.38     	397.487 
-940.817     	703.421 
-1616.1     	782.824 
-1750.21     	421.736 
-1798.9     	4.74058 
26880 
-1039.77     	6.16097 
-1093.46     	359.281 
-1116     	68.4671 
-1178.85     	398.581 
-939.531     	703.559 
-1618.19     	783.31 
-1753.29     	422.578 
-1798.76     	4.74058 
26890 
-1040.45     	6.16097 
-1094.33     	358.942 
-1116.75     	69.4186 
-1179.33     	398.114 
-940.389     	703.702 
-1618.02     	783.553 
-1753.4     	428.312 
-1799.6     	4.74058 
26900 
-1041.11     	6.16097 
-1095.09     	359.097 
-1116.94     	67.7584 
-1179.88     	398.23 
-940.293     	704.14 
-1618.21     	783.822 
-1753.4     	426.931 
-1799.92     	4.74058 
26910 
-1041.82     	6.16097 
-1095.2     	356.1 
-1118.07     	66.6996 
-1183.63     	397.307 
-939.806     	704.269 
-1617.96     	784.054 
-1752.72     	427.099 
-1804.39     	4.74058 
26920 
-1042.53     	6.16097 
-1095.5     	356.054 
-1118.79     	66.2639 
-1185.51     	397.714 
-940.348     	704.276 
-1617.9     	784.411 
-1752.63     	427.261 
-1804.41     	4.74058 
26930 
-1043.22     	6.16097 
-1096.16     	356.096 
-1118.86     	66.2692 
-1186.41     	397.74 
-940.189     	704.274 
-1617.86     	784.734 
-1752.52     	426.907 
-1804.29     	4.74058 
26940 
-1043.92     	6.16097 
-1096.17     	353.686 
-1118.8     	66.2484 
-1186.62     	397.669 
-940.069     	704.518 
-1617.65     	784.958 
-1752.47     	426.252 
-1804.31     	4.74058 
26950 
-1044.58     	6.16097 
-1098.12     	354.202 
-1117.93     	69.9951 
-1187.95     	398.924 
-937.343     	704.086 
-1623.52     	786.024 
-1755.4     	436.571 
-1803.85     	4.74058 
26960 
-1045.26     	6.16097 
-1098.75     	354.397 
-1119.15     	72.7684 
-1188.01     	398.929 
-938.176     	704.535 
-1622.84     	786.163 
-1755.09     	434.804 
-1804.13     	4.74058 
26970 
-1045.98     	6.16097 
-1098.9     	354.747 
-1120.4     	73.4928 
-1188.07     	398.879 
-940.04     	705.231 
-1622.41     	786.291 
-1754.89     	434.768 
-1803.45     	4.74058 
26980 
-1046.65     	6.16097 
-1099.93     	351.964 
-1121.51     	81.1079 
-1189.52     	396.073 
-940.791     	705.52 
-1621.77     	786.483 
-1754.81     	434.311 
-1803.43     	4.74058 
26990 
-1046.91     	6.16097 
-1100.18     	352.329 
-1121.6     	74.1665 
-1189.47     	396.073 
-941.705     	706.463 
-1621.86     	786.561 
-1754.81     	434.16 
-1803.37     	4.74058 
27000 
-1048.07     	6.16097 
-1100.2     	352.596 
-1121.72     	74.1749 
-1190.52     	397.024 
-941.525     	706.643 
-1621.4     	786.776 
-1755.79     	429.57 
-1803.76     	4.74058 
