29000 
-1225.97     	1.58859 
-1225.86     	408.317 
-1031.98     	719.408 
-1705.43     	897.528 
-1893.92     	466.172 
-1945.35     	2.64844 
29010 
-1232.03     	1.58859 
-1221.8     	431.35 
-1036.87     	689.405 
-1714.98     	904.58 
-1891.72     	465.752 
-1948.58     	2.64844 
29020 
-1167.87     	1.58859 
-1266.1     	415.073 
-1046.29     	690.252 
-1715.26     	905.138 
-1887.4     	478.322 
-1948.59     	2.64844 
29030 
-1169.62     	1.58859 
-1262.14     	411.55 
-1024.68     	690.639 
-1715.53     	904.56 
-1886.8     	478.939 
-1955.39     	2.64844 
29040 
-1170.12     	1.58859 
-1260.46     	396.582 
-1024.99     	690.569 
-1715.19     	904.654 
-1886.64     	478.383 
-1955.48     	2.64844 
29050 
-1170.62     	1.58859 
-1261.75     	395.434 
-1026.36     	690.149 
-1715.46     	904.806 
-1886.35     	478.479 
-1955.06     	2.64844 
29060 
-1171.19     	1.58859 
-1261.67     	395.553 
-1026.81     	690.295 
-1715.39     	905.17 
-1886.26     	477.818 
-1956.47     	2.64844 
29070 
-1171.57     	1.58859 
-1261.75     	395.639 
-1027.28     	690.408 
-1715.41     	905.362 
-1886.18     	477.819 
-1956.36     	2.64844 
29080 
-1172.31     	1.58859 
-1261.85     	398.76 
-1027.97     	688.51 
-1715.52     	905.802 
-1888.89     	496.528 
-1955.95     	2.64844 
29090 
-1172.72     	1.58859 
-1266.7     	400.158 
-1053.82     	703.104 
-1722.61     	906.465 
-1880.45     	492.663 
-1964.71     	2.64844 
29100 
-1173.27     	1.58859 
-1265.33     	393.927 
-1028.03     	691.229 
-1723.39     	908.329 
-1881.57     	499.623 
-1967.48     	2.64844 
29110 
-1173.82     	1.58859 
-1265.55     	395.281 
-1028.09     	691.195 
-1723.18     	908.448 
-1881.69     	501.802 
-1967.84     	2.64844 
29120 
-1174.39     	1.58859 
-1265.39     	395.028 
-1028.89     	691.474 
-1722.88     	908.528 
-1882.16     	501.802 
-1967.83     	2.64844 
29130 
-1174.97     	1.58859 
-1264.74     	394.479 
-1031.13     	689.579 
-1724.87     	909.654 
-1883.61     	500.051 
-1967.46     	2.64844 
29140 
-1175.44     	1.58859 
-1266.06     	396.028 
-1031.22     	689.761 
-1724.58     	909.722 
-1883.52     	499.718 
-1967.47     	2.64844 
29150 
-1176.04     	1.58859 
-1266.6     	396.54 
-1030.99     	690.064 
-1724.74     	909.728 
-1883.51     	499.66 
-1967.51     	2.64844 
29160 
-1176.58     	1.58859 
-1265.24     	390.936 
-1035.72     	691.388 
-1724.64     	910.028 
-1883.09     	502.722 
-1967.65     	2.64844 
29170 
-1177.15     	1.58859 
-1265.11     	391.398 
-1035.99     	691.751 
-1724.36     	910.123 
-1882.62     	501.587 
-1973.23     	2.64844 
29180 
-1177.69     	1.58859 
-1265.81     	391.983 
-1035.92     	692.102 
-1724.41     	910.28 
-1882.62     	501.554 
-1972.93     	2.64844 
29190 
-1178.18     	1.58859 
-1267.4     	389.99 
-1036.58     	692.356 
-1724.3     	910.416 
-1879.51     	518.504 
-1976.52     	2.64844 
29200 
-1178.74     	1.58859 
-1267.71     	390.877 
-1036.59     	692.517 
-1724.1     	910.513 
-1883.96     	520.46 
-1975.04     	2.64844 
29210 
-1179.3     	1.58859 
-1267.66     	391.144 
-1036.57     	693.583 
-1724.04     	910.552 
-1883.91     	520.567 
-1974.77     	2.64844 
29220 
-1179.85     	1.58859 
-1267.86     	390.592 
-1037     	694.42 
-1723.99     	910.632 
-1883.79     	520.39 
-1974.44     	2.64844 
29230 
-1180.38     	1.58859 
-1267.63     	387.084 
-1039.49     	695.42 
-1730.13     	912.723 
-1883.69     	520.59 
-1979.65     	2.64844 
29240 
-1180.89     	1.58859 
-1269.39     	389.82 
-1042.02     	696.748 
-1729.87     	912.735 
-1882.36     	520.076 
-1981.32     	2.64844 
29250 
-1181.43     	1.58859 
-1269.99     	389.34 
-1041.36     	699.108 
-1730.1     	912.696 
-1882.21     	520.471 
-1983.72     	2.64844 
29260 
-1181.94     	1.58859 
-1270.34     	390.821 
-1044.82     	695.902 
-1729.24     	913.119 
-1882.13     	520.361 
-1983.5     	2.64844 
29270 
-1182.54     	1.58859 
-1270.15     	389.392 
-1044.7     	695.952 
-1729.27     	913.294 
-1882.24     	536.272 
-1983.16     	2.64844 
29280 
-1183.06     	1.58859 
-1270.91     	389.412 
-1042.13     	668.792 
-1730.94     	913.426 
-1882.25     	537.593 
-1983.02     	2.64844 
29290 
-1183.54     	1.58859 
-1274.97     	395.022 
-1061.17     	663.96 
-1720.48     	914.605 
-1884.59     	547.063 
-1983.83     	2.64844 
29300 
-1184.09     	1.58859 
-1275.31     	395.604 
-1060.58     	664.588 
-1720.41     	914.635 
-1884.41     	546.778 
-1983.81     	2.64844 
29310 
-1184.58     	1.58859 
-1275.95     	392.104 
-1060.08     	666.235 
-1728.23     	917.521 
-1880.57     	549.659 
-1991.92     	2.64844 
29320 
-1185.12     	1.58859 
-1275.99     	393.869 
-1061.94     	667.004 
-1729.53     	918.14 
-1880.54     	550.027 
-1993.55     	2.64844 
29330 
-1185.64     	1.58859 
-1276.17     	392.464 
-1061.16     	666.577 
-1728.71     	918.004 
-1882.5     	551.093 
-1993.35     	2.64844 
29340 
-1186.25     	1.58859 
-1276.42     	393.401 
-1060.68     	666.936 
-1728.59     	918.039 
-1881.98     	552.924 
-1993.72     	2.64844 
29350 
-1186.83     	1.58859 
-1276.53     	396.029 
-1060.49     	667.021 
-1728.49     	918.129 
-1881.74     	553.034 
-1993.47     	2.64844 
29360 
-1187.35     	1.58859 
-1277.64     	396.082 
-1060.55     	667.061 
-1728.23     	918.169 
-1881.49     	552.466 
-1993.35     	2.64844 
29370 
-1187.53     	1.58859 
-1279.27     	395.538 
-1060.23     	667.23 
-1728.19     	918.259 
-1879.02     	560.786 
-1994.25     	2.64844 
29380 
-1187.31     	1.58859 
-1280.35     	397.837 
-1059.4     	667.075 
-1727.86     	918.262 
-1879.33     	567.36 
-2000.15     	2.64844 
29390 
-1188.92     	1.58859 
-1280.89     	397.451 
-1059.57     	667.068 
-1727.68     	918.342 
-1879.23     	567.504 
-1999.4     	2.64844 
29400 
-1189.47     	1.58859 
-1280.37     	395.347 
-1061.66     	668.216 
-1728.57     	918.776 
-1878.48     	571.544 
-2000.53     	2.64844 
29410 
-1190.01     	1.58859 
-1281.36     	397.189 
-1060.86     	667.862 
-1730.72     	919.726 
-1877.93     	578.905 
-2001.7     	2.64844 
29420 
-1190.56     	1.58859 
-1281.77     	398.1 
-1060.94     	668.215 
-1730.74     	919.847 
-1879.87     	576.789 
-2003.56     	2.64844 
29430 
-1191.12     	1.58859 
-1281.83     	398.421 
-1061.34     	668.381 
-1730.51     	919.899 
-1879.09     	588.032 
-2000.65     	2.64844 
29440 
-1191.66     	1.58859 
-1282.36     	397.542 
-1061.73     	668.866 
-1730.54     	920.017 
-1879.96     	591.142 
-2005.91     	2.64844 
29450 
-1192.14     	1.58859 
-1284.4     	397.369 
-1061.54     	668.954 
-1730.38     	920.082 
-1879.87     	590.752 
-2004.3     	2.64844 
29460 
-1192.69     	1.58859 
-1285.03     	398.013 
-1061.4     	668.95 
-1730.38     	920.215 
-1879.87     	590.739 
-2004.39     	2.64844 
29470 
-1193.24     	1.58859 
-1285.02     	398.309 
-1061.37     	668.986 
-1730.37     	920.348 
-1879.8     	590.74 
-2004.83     	2.64844 
29480 
-1193.81     	1.58859 
-1285.45     	402.053 
-1060.46     	668.891 
-1730.39     	920.464 
-1883.26     	590.565 
-2006.34     	2.64844 
29490 
-1194.29     	1.58859 
-1286.95     	398.738 
-1061.65     	669.651 
-1731.36     	920.768 
-1881.58     	589.812 
-2008.41     	2.64844 
29500 
-1194.85     	1.58859 
-1286.99     	398.833 
-1061.58     	669.835 
-1731.7     	920.768 
-1881.58     	589.774 
-2008.49     	2.64844 
